167 6 1
60 2000 16000 64 5 8
74
140 2000 32000 32 1 54
141
50 4000 32000 112 52 104
397
480 512 8000 32 0 0
67
400 1000 3000 0 1 2
38
175 256 2000 0 3 24
22
92 2000 8000 32 1 6
62
810 1000 5000 0 1 1
20
38 4000 8000 32 16 32
51
50 2000 8000 8 3 6
45
300 1000 4000 8 3 64
38
350 64 64 0 1 4
10
56 1000 4000 0 1 6
17
50 2000 16000 24 1 6
80
900 1000 4000 4 1 2
18
75 2000 8000 8 3 24
62
143 512 5000 0 7 32
28
480 96 512 0 1 1
6
115 2000 4000 2 1 5
40
320 256 5000 4 1 6
27
115 512 6000 16 1 6
45
800 256 8000 0 1 4
14
38 4000 16000 128 16 32
212
180 2000 16000 16 1 6
66
330 1000 2000 0 1 2
16
143 2300 6200 0 6 64
61
1100 768 2000 0 1 1
13
50 2000 16000 12 3 16
45
50 2000 16000 8 3 5
40
200 512 8000 8 1 8
62
25 1310 2620 131 12 24
368
900 512 1000 0 1 2
11
40 8000 16000 32 8 16
214
50 2000 8000 8 1 6
56
133 1000 12000 9 3 12
72
70 4000 12000 8 6 8
75
50 2000 32000 48 26 52
208
300 768 4500 0 1 24
45
320 256 3000 4 1 3
27
200 1000 4000 0 1 4
30
300 768 12000 6 6 24
50
26 8000 32000 0 8 24
277
100 1000 8000 0 2 6
16
900 2000 4000 0 3 6
37
160 2000 8000 32 1 13
109
300 192 768 6 6 24
36
300 768 3000 6 6 24
44
160 512 4000 2 1 5
30
38 4000 8000 32 16 32
116
140 2000 32000 32 1 54
189
26 16000 32000 64 16 24
465
140 2000 4000 0 3 6
29
75 2000 16000 64 1 38
144
26 16000 32000 64 8 24
465
320 512 8000 4 1 5
40
400 512 3500 4 1 6
40
143 1500 6300 0 5 32
30
29 8000 32000 32 8 32
172
110 1000 4000 16 1 2
26
225 2000 4000 8 3 6
34
100 1000 8000 24 2 6
26
25 2000 12000 16 3 5
66
50 2000 16000 24 1 6
70
203 1000 2000 0 1 5
24
1500 768 2000 0 0 0
18
185 2000 16000 16 1 6
76
180 768 12000 6 1 31
84
250 512 4000 0 4 7
50
90 256 1000 0 3 10
17
50 2000 8000 8 1 5
71
59 8000 16000 64 12 24
188
105 256 2000 0 3 10
26
50 2000 16000 8 3 6
60
25 2000 12000 8 1 4
49
50 1000 4000 8 1 5
29
140 1000 16000 16 1 3
138
140 2000 32000 32 1 20
134
320 128 6000 0 1 12
23
50 1000 4000 8 3 5
26
140 2000 4000 8 1 20
22
480 1000 4000 0 0 0
45
84 1000 2000 0 1 6
12
38 16000 32000 128 16 32
510
167 524 2000 8 4 15
19
810 512 512 8 1 1
18
100 1000 8000 24 3 6
32
98 1000 8000 32 2 8
46
30 8000 64000 128 12 176
1150
250 1000 16000 1 1 8
50
125 2000 8000 0 2 14
52
92 2000 8000 32 1 6
60
40 8000 32000 64 8 24
277
50 1000 8000 8 3 5
36
143 3100 6200 0 5 20
33
800 256 8000 0 1 4
12
50 2000 16000 8 3 6
52
50 4000 16000 65 1 8
138
57 4000 24000 64 12 16
237
180 262 4000 0 1 3
12
60 4000 16000 32 1 6
86
17 4000 16000 8 6 12
100
50 8000 16000 48 1 10
136
900 1000 1000 0 1 2
11
1100 512 1500 0 1 1
7
23 16000 32000 64 16 32
367
330 1000 3000 0 2 4
16
75 2000 16000 128 1 38
259
23 32000 64000 128 32 64
1144
250 512 4000 0 1 7
25
56 4000 12000 0 1 8
42
60 4000 16000 64 5 8
93
105 2000 6000 16 6 16
33
29 8000 32000 32 8 32
220
140 2000 4000 0 4 8
40
700 384 8000 0 1 1
24
116 2000 8000 32 5 28
70
105 2000 4000 8 3 8
22
180 512 4000 0 1 3
21
52 4000 16000 32 4 12
130
64 5240 20970 30 12 24
208
17 4000 16000 32 6 12
133
300 768 3000 0 6 24
36
125 512 1000 0 8 20
36
59 4000 12000 32 6 12
113
225 1000 4000 2 3 6
24
225 2000 4000 8 3 6
40
50 500 2000 8 1 4
20
110 5000 5000 142 8 64
120
38 8000 16000 64 4 8
100
200 1000 8000 0 1 2
36
600 768 2000 0 1 1
16
143 1000 2000 0 5 16
31
48 4000 24000 32 8 24
214
700 256 2000 0 1 1
24
75 4000 16000 16 1 6
66
50 2000 4000 0 3 6
27
200 2000 8000 64 1 5
41
56 2000 6000 0 1 8
21
180 2000 8000 8 1 6
50
160 512 2000 2 3 8
32
26 8000 32000 64 8 32
318
23 16000 64000 64 16 32
636
125 256 6000 256 16 128
198
26 8000 32000 64 12 16
248
92 2000 8000 4 1 6
50
72 4000 16000 64 8 16
143
160 1000 4000 8 1 14
38
115 2000 8000 16 1 3
50
200 1000 2000 0 1 2
25
110 3100 6200 0 6 64
76
23 16000 32000 64 16 32
489
105 2000 8000 16 4 14
58
75 2000 8000 64 1 38
144
35 8000 32000 64 8 24
370
56 2000 8000 0 1 8
24
180 512 4000 0 1 3
14
26 8000 32000 128 24 32
405
320 256 6000 0 1 6
33
150 512 4000 0 8 128
30
240 512 1000 8 1 3
6
56 4000 8000 0 1 8
34
29 8000 32000 32 8 32
269
26 8000 16000 0 8 16
185
105 2000 4000 8 3 19
32
124 1000 8000 0 1 8
42
400 2000 4000 0 1 1
32
240 512 2000 8 1 5
11
