53 4273 11
1 2 13 0 
1 2 13 28 
1 3 13 0 1 
1 2 13 40 
1 2 13 50 
1 3 13 28 29 
1 2 13 14 
1 4 13 0 1 2 
1 2 49 50 
1 3 49 28 29 
1 2 49 21 
1 3 49 40 41 
1 4 49 28 29 30 
1 1 20 
1 2 20 29 
1 2 20 21 
1 3 20 29 30 
1 3 27 40 41 
1 4 27 28 29 30 
1 4 27 28 29 3 
1 4 27 28 2 3 
1 4 27 1 2 3 
1 3 27 28 15 
1 4 27 40 41 42 
1 4 27 28 29 42 
1 4 27 28 41 42 
1 1 14 
1 2 14 3 
1 1 50 
1 2 0 21 
1 4 0 1 2 3 
1 4 0 1 2 42 
1 4 0 1 41 42 
1 4 0 1 2 31 
1 4 0 1 30 31 
1 4 0 29 30 31 
1 4 28 29 30 31 
1 4 28 29 30 4 
1 4 28 29 3 4 
1 4 28 2 3 4 
1 3 28 29 22 
1 4 28 29 30 43 
1 4 28 29 42 43 
1 4 28 41 42 43 
1 4 1 2 3 4 
1 3 1 2 22 
1 4 1 2 3 43 
1 4 1 2 42 43 
1 4 1 41 42 43 
1 4 1 2 3 32 
1 4 1 2 31 32 
1 4 1 30 31 32 
1 2 21 22 
1 3 21 31 32 
1 3 21 4 5 
1 2 40 22 
1 4 40 41 42 43 
1 4 40 41 42 32 
1 4 40 41 31 32 
1 4 40 30 31 32 
1 4 40 41 42 5 
1 4 40 41 4 5 
1 4 40 3 4 5 
1 3 40 41 16 
1 4 29 30 31 32 
1 4 29 30 31 5 
1 4 29 30 4 5 
1 4 29 3 4 5 
1 3 29 30 16 
1 4 29 30 31 44 
1 4 29 30 43 44 
1 4 29 42 43 44 
1 4 2 3 4 5 
1 4 2 3 4 44 
1 4 2 3 43 44 
1 4 2 42 43 44 
1 4 2 3 4 33 
1 4 2 3 32 33 
1 4 2 31 32 33 
1 1 51 
1 1 15 
1 2 15 43 
1 2 15 5 
1 2 15 16 
1 3 15 43 44 
1 3 15 32 33 
1 4 41 42 43 44 
1 4 41 42 43 33 
1 4 41 42 32 33 
1 4 41 31 32 33 
1 4 41 42 43 6 
1 4 41 42 5 6 
1 4 41 4 5 6 
1 4 30 31 32 33 
1 4 30 31 32 6 
1 4 30 31 5 6 
1 4 30 4 5 6 
1 3 30 31 23 
1 4 30 31 32 45 
1 4 30 31 44 45 
1 4 30 43 44 45 
1 4 3 4 5 6 
1 3 3 4 23 
1 4 3 4 5 45 
1 4 3 4 44 45 
1 4 3 43 44 45 
1 4 3 4 5 34 
1 4 3 4 33 34 
1 4 3 32 33 34 
1 2 22 23 
1 3 22 33 34 
1 3 22 6 7 
1 4 42 43 44 45 
1 4 42 43 44 34 
1 4 42 43 33 34 
1 4 42 32 33 34 
1 4 42 43 44 7 
1 4 42 43 6 7 
1 4 42 5 6 7 
1 3 42 43 17 
1 4 31 32 33 34 
1 4 31 32 33 7 
1 4 31 32 6 7 
1 4 31 5 6 7 
1 3 31 32 17 
1 4 31 32 33 46 
1 4 31 32 45 46 
1 4 31 44 45 46 
1 4 4 5 6 7 
1 4 4 5 6 46 
1 4 4 5 45 46 
1 4 4 44 45 46 
1 4 4 5 6 35 
1 4 4 5 34 35 
1 4 4 33 34 35 
1 2 16 17 
1 3 16 45 46 
1 3 16 34 35 
1 4 43 44 45 46 
1 4 43 44 45 35 
1 4 43 44 34 35 
1 4 43 33 34 35 
1 4 43 44 45 8 
1 4 43 44 7 8 
1 4 43 6 7 8 
1 4 32 33 34 35 
1 4 32 33 34 8 
1 4 32 33 7 8 
1 4 32 6 7 8 
1 3 32 33 24 
1 4 32 33 34 18 
1 3 32 17 18 
1 4 5 6 7 8 
1 3 5 6 24 
1 4 5 6 7 36 
1 4 5 6 35 36 
1 4 5 34 35 36 
1 2 23 24 
1 3 23 35 36 
1 2 44 24 
1 4 44 45 46 36 
1 4 44 45 35 36 
1 4 44 34 35 36 
1 4 44 45 46 9 
1 4 44 45 8 9 
1 4 44 7 8 9 
1 2 33 24 
1 4 33 34 35 36 
1 4 33 34 35 9 
1 4 33 34 8 9 
1 4 33 7 8 9 
1 3 33 34 47 
1 3 33 46 47 
1 2 6 24 
1 4 6 7 8 9 
1 3 6 7 47 
1 3 6 46 47 
1 4 6 7 8 37 
1 4 6 7 36 37 
1 4 6 35 36 37 
1 1 52 
1 2 17 47 
1 3 17 36 37 
1 3 17 18 37 
1 3 45 46 47 
1 4 45 46 36 37 
1 4 45 35 36 37 
1 4 45 46 9 10 
1 4 45 8 9 10 
1 4 34 35 36 37 
1 4 34 35 36 10 
1 4 34 35 9 10 
1 4 34 8 9 10 
1 3 34 35 25 
1 4 34 35 36 12 
1 4 7 8 9 10 
1 3 7 8 25 
1 3 7 8 19 
1 3 7 47 48 
1 4 7 8 9 48 
1 4 7 8 9 11 
1 4 7 8 10 11 
1 4 7 9 10 11 
1 5 7 8 9 10 11 
1 2 24 10 
1 2 24 25 
1 2 24 48 
1 3 24 10 11 
1 3 24 25 26 
1 2 46 19 
1 3 46 47 48 
1 3 46 47 11 
1 4 46 9 10 11 
1 3 46 47 26 
1 3 46 25 26 
1 2 35 19 
1 3 35 36 48 
1 4 35 36 10 11 
1 4 35 9 10 11 
1 4 35 36 37 11 
1 3 35 25 26 
1 4 35 36 37 26 
1 4 35 36 37 39 
1 2 8 19 
1 3 8 9 48 
1 4 8 9 10 11 
1 4 8 9 10 26 
1 3 8 25 26 
1 2 18 19 
1 2 18 26 
1 2 47 48 
1 1 25 
1 1 19 
1 2 37 26 
1 2 10 26 
1 1 48 
1 1 26 
1 1 39 
1 1 38 
1 4 13 0 2 3 
1 4 13 1 2 3 
1 3 13 50 3 
1 3 13 0 15 
1 4 13 0 2 42 
1 4 13 0 41 42 
1 4 13 1 41 42 
1 3 13 14 42 
1 3 13 50 42 
1 4 13 0 2 31 
1 4 13 0 30 31 
1 4 13 0 41 31 
1 3 13 21 31 
1 3 13 14 31 
1 3 13 50 31 
1 4 13 0 2 4 
1 5 13 0 2 3 4 
1 4 13 0 30 4 
1 4 13 0 41 4 
1 4 13 1 3 4 
1 3 13 14 4 
1 4 13 50 3 4 
1 3 13 14 22 
1 3 13 21 22 
1 3 13 50 22 
1 4 13 0 30 43 
1 4 13 0 41 43 
1 4 13 2 3 43 
1 4 13 14 42 43 
1 5 13 40 41 42 43 
1 4 13 50 3 43 
1 4 13 50 42 43 
1 4 13 0 30 32 
1 4 13 2 3 32 
1 3 13 15 32 
1 4 13 21 31 32 
1 4 13 14 31 32 
1 4 13 14 42 32 
1 5 13 40 41 42 32 
1 5 13 40 30 31 32 
1 4 13 50 3 32 
1 4 13 50 31 32 
1 4 13 50 42 32 
1 6 13 0 2 3 4 5 
1 6 13 1 2 3 4 5 
1 4 13 14 4 5 
1 3 13 15 5 
1 4 13 14 31 5 
1 4 13 14 42 5 
1 5 13 40 41 42 5 
1 5 13 28 30 31 5 
1 4 13 50 3 5 
1 5 13 50 3 4 5 
1 4 13 50 31 5 
1 4 13 50 42 5 
1 5 13 0 1 2 16 
1 3 13 14 16 
1 3 13 21 16 
1 3 13 50 16 
1 6 13 0 2 3 4 44 
1 5 13 0 15 43 44 
1 6 13 0 41 42 43 44 
1 6 13 1 2 3 4 44 
1 6 13 1 2 3 43 44 
1 4 13 3 43 44 
1 4 13 15 43 44 
1 4 13 14 31 44 
1 5 13 29 30 43 44 
1 4 13 14 42 44 
1 5 13 14 42 43 44 
1 5 13 40 41 43 44 
1 4 13 21 4 44 
1 5 13 28 30 31 44 
1 5 13 50 3 4 44 
1 4 13 50 31 44 
1 4 13 50 42 44 
1 5 13 50 42 43 44 
1 3 13 0 51 
1 2 13 51 
1 6 13 0 2 3 4 33 
1 5 13 0 15 32 33 
1 5 13 0 1 22 33 
1 6 13 0 30 31 32 33 
1 6 13 0 41 42 43 33 
1 6 13 1 2 3 4 33 
1 4 13 14 22 33 
1 4 13 21 22 33 
1 4 13 14 31 33 
1 5 13 14 31 32 33 
1 5 13 29 30 31 33 
1 5 13 14 42 43 33 
1 4 13 21 4 33 
1 4 13 21 43 33 
1 5 13 28 30 31 33 
1 4 13 40 22 33 
1 5 13 50 3 4 33 
1 4 13 50 22 33 
1 4 13 50 31 33 
1 5 13 50 31 32 33 
1 5 13 50 42 43 33 
1 6 13 0 2 3 4 6 
1 7 13 0 2 3 4 5 6 
1 7 13 0 1 2 4 5 6 
1 5 13 0 15 5 6 
1 5 13 0 1 22 6 
1 6 13 0 30 31 32 6 
1 6 13 0 41 42 43 6 
1 5 13 14 4 5 6 
1 6 13 2 3 4 5 6 
1 4 13 15 5 6 
1 5 13 14 31 32 6 
1 5 13 14 42 5 6 
1 4 13 21 4 6 
1 4 13 21 32 6 
1 4 13 21 43 6 
1 6 13 28 3 4 5 6 
1 4 13 40 22 6 
1 5 13 40 31 32 6 
1 5 13 50 3 4 6 
1 6 13 50 3 4 5 6 
1 4 13 50 22 6 
1 5 13 50 31 32 6 
1 5 13 50 42 43 6 
1 6 13 0 2 3 4 23 
1 4 13 0 15 23 
1 5 13 0 30 31 23 
1 5 13 0 41 42 23 
1 4 13 2 22 23 
1 4 13 14 22 23 
1 4 13 14 42 23 
1 4 13 21 4 23 
1 5 13 28 30 31 23 
1 4 13 28 42 23 
1 4 13 40 4 23 
1 4 13 40 31 23 
1 4 13 40 42 23 
1 4 13 50 22 23 
1 7 13 0 2 3 4 5 45 
1 6 13 0 1 2 16 45 
1 5 13 0 1 22 45 
1 6 13 0 30 31 32 45 
1 6 13 0 41 42 43 45 
1 7 13 0 41 42 43 44 45 
1 5 13 14 4 44 45 
1 6 13 2 3 4 5 45 
1 6 13 2 3 4 44 45 
1 6 13 2 3 43 44 45 
1 6 13 2 42 43 44 45 
1 4 13 14 16 45 
1 4 13 14 22 45 
1 5 13 14 31 44 45 
1 4 13 31 32 45 
1 5 13 14 42 43 45 
1 6 13 14 42 43 44 45 
1 5 13 41 42 44 45 
1 4 13 21 16 45 
1 4 13 21 32 45 
1 4 13 21 43 45 
1 6 13 28 3 4 5 45 
1 5 13 28 29 16 45 
1 4 13 40 16 45 
1 4 13 40 22 45 
1 5 13 40 31 32 45 
1 5 13 40 42 43 45 
1 6 13 50 3 4 5 45 
1 4 13 50 16 45 
1 4 13 50 22 45 
1 5 13 50 31 32 45 
1 5 13 50 42 43 45 
1 7 13 0 2 3 4 5 34 
1 6 13 0 1 2 16 34 
1 6 13 0 1 22 33 34 
1 6 13 0 30 31 32 34 
1 7 13 0 30 31 32 33 34 
1 7 13 0 41 42 43 44 34 
1 5 13 14 4 33 34 
1 6 13 2 3 4 5 34 
1 6 13 2 3 4 33 34 
1 6 13 2 3 32 33 34 
1 6 13 2 31 32 33 34 
1 5 13 14 22 33 34 
1 5 13 14 31 33 34 
1 6 13 14 31 32 33 34 
1 6 13 30 31 32 33 34 
1 6 13 14 42 43 44 34 
1 6 13 14 42 32 33 34 
1 5 13 14 43 33 34 
1 6 13 41 42 43 44 34 
1 6 13 41 42 43 33 34 
1 6 13 41 42 32 33 34 
1 6 13 41 31 32 33 34 
1 4 13 21 16 34 
1 4 13 21 32 34 
1 6 13 28 3 4 5 34 
1 5 13 28 29 16 34 
1 7 13 28 30 31 32 33 34 
1 6 13 28 42 43 44 34 
1 4 13 40 16 34 
1 5 13 40 31 32 34 
1 6 13 50 3 4 5 34 
1 4 13 50 16 34 
1 5 13 50 31 32 34 
1 6 13 50 31 32 33 34 
1 6 13 50 42 43 44 34 
1 7 13 0 1 3 4 5 7 
1 8 13 0 1 3 4 5 6 7 
1 6 13 0 1 2 16 7 
1 6 13 0 1 22 6 7 
1 7 13 0 1 31 32 33 7 
1 7 13 0 1 42 43 44 7 
1 5 13 14 4 6 7 
1 6 13 14 4 5 6 7 
1 6 13 3 4 5 6 7 
1 5 13 14 22 6 7 
1 6 13 14 31 32 6 7 
1 5 13 14 32 33 7 
1 6 13 14 42 43 44 7 
1 6 13 14 42 5 6 7 
1 4 13 43 6 7 
1 4 13 21 16 7 
1 6 13 28 3 4 5 7 
1 7 13 28 3 4 5 6 7 
1 5 13 28 29 16 7 
1 7 13 28 29 31 32 33 7 
1 6 13 28 42 43 44 7 
1 5 13 40 41 5 7 
1 5 13 40 5 6 7 
1 4 13 40 16 7 
1 6 13 50 3 4 5 7 
1 7 13 50 3 4 5 6 7 
1 4 13 50 16 7 
1 5 13 50 22 6 7 
1 6 13 50 42 43 44 7 
1 6 13 0 1 3 4 17 
1 6 13 0 1 2 16 17 
1 5 13 0 1 22 17 
1 6 13 0 1 31 32 17 
1 6 13 0 1 42 43 17 
1 4 13 14 16 17 
1 4 13 14 22 17 
1 5 13 14 42 43 17 
1 4 13 21 4 17 
1 4 13 21 32 17 
1 4 13 21 43 17 
1 4 13 28 22 17 
1 6 13 28 29 31 32 17 
1 5 13 28 42 43 17 
1 4 13 40 4 17 
1 4 13 50 16 17 
1 4 13 50 22 17 
1 5 13 50 31 32 17 
1 5 13 50 42 43 17 
1 8 13 0 1 3 4 5 6 46 
1 7 13 0 1 2 16 45 46 
1 6 13 0 1 22 45 46 
1 7 13 0 1 31 32 33 46 
1 7 13 0 1 42 43 44 46 
1 6 13 0 1 2 44 46 
1 7 13 0 1 2 44 45 46 
1 6 13 14 4 5 45 46 
1 5 13 14 5 6 46 
1 6 13 3 4 5 6 46 
1 6 13 3 4 5 45 46 
1 6 13 3 43 44 45 46 
1 5 13 14 22 45 46 
1 6 13 14 31 32 45 46 
1 5 13 14 32 33 46 
1 6 13 14 42 43 45 46 
1 7 13 14 42 43 44 45 46 
1 4 13 14 44 46 
1 4 13 43 44 46 
1 6 13 21 4 5 6 46 
1 5 13 21 16 45 46 
1 5 13 21 32 33 46 
1 5 13 21 43 44 46 
1 7 13 28 3 4 5 6 46 
1 6 13 28 29 16 45 46 
1 5 13 28 22 45 46 
1 7 13 28 29 31 32 33 46 
1 7 13 50 3 4 5 6 46 
1 5 13 50 16 45 46 
1 5 13 50 22 45 46 
1 7 13 50 42 43 44 45 46 
1 8 13 0 1 3 4 5 6 35 
1 7 13 0 1 2 16 34 35 
1 6 13 0 1 22 23 35 
1 7 13 0 1 31 32 33 35 
1 8 13 0 1 42 43 44 45 35 
1 6 13 14 4 5 6 35 
1 6 13 14 4 33 34 35 
1 5 13 14 5 34 35 
1 6 13 3 4 5 6 35 
1 6 13 3 4 5 34 35 
1 6 13 3 4 33 34 35 
1 6 13 3 32 33 34 35 
1 5 13 14 22 23 35 
1 6 13 14 22 33 34 35 
1 6 13 14 31 32 33 35 
1 6 13 14 31 33 34 35 
1 7 13 14 31 32 33 34 35 
1 5 13 14 32 34 35 
1 7 13 14 42 43 44 45 35 
1 7 13 14 42 43 44 34 35 
1 7 13 14 42 43 33 34 35 
1 7 13 14 42 32 33 34 35 
1 5 13 21 16 34 35 
1 4 13 21 23 35 
1 6 13 21 43 44 45 35 
1 7 13 28 3 4 5 6 35 
1 6 13 28 29 16 34 35 
1 5 13 28 22 23 35 
1 7 13 28 29 31 32 33 35 
1 7 13 28 42 43 44 45 35 
1 5 13 40 22 23 35 
1 7 13 50 3 4 5 6 35 
1 5 13 50 16 34 35 
1 5 13 50 22 23 35 
1 7 13 50 31 32 33 34 35 
1 7 13 50 42 43 44 45 35 
1 3 49 28 30 
1 3 49 28 3 
1 3 49 50 3 
1 4 49 1 2 3 
1 2 49 15 
1 3 49 28 42 
1 4 49 1 2 42 
1 3 49 50 42 
1 4 49 28 30 31 
1 4 49 1 2 31 
1 3 49 50 31 
1 4 49 29 30 31 
1 4 49 28 30 4 
1 4 49 50 3 4 
1 4 49 1 3 4 
1 5 49 1 2 3 4 
1 4 49 29 3 4 
1 4 49 40 3 4 
1 4 49 1 2 22 
1 3 49 50 22 
1 4 49 1 3 43 
1 4 49 28 3 43 
1 4 49 28 30 43 
1 4 49 40 42 43 
1 5 49 1 2 3 43 
1 5 49 1 41 42 43 
1 4 49 29 30 43 
1 4 49 50 42 43 
1 5 49 40 41 42 43 
1 4 49 1 3 32 
1 4 49 1 42 32 
1 4 49 28 3 32 
1 4 49 28 30 32 
1 4 49 28 42 32 
1 5 49 1 2 3 32 
1 5 49 1 30 31 32 
1 4 49 50 31 32 
1 4 49 29 31 32 
1 4 49 50 42 32 
1 5 49 40 41 31 32 
1 4 49 1 3 5 
1 4 49 50 3 5 
1 4 49 1 31 5 
1 4 49 1 42 5 
1 4 49 21 4 5 
1 4 49 28 3 5 
1 4 49 28 42 5 
1 4 49 40 4 5 
1 4 49 40 42 5 
1 5 49 50 3 4 5 
1 5 49 1 3 4 5 
1 6 49 1 2 3 4 5 
1 4 49 50 31 5 
1 4 49 50 42 5 
1 5 49 40 41 4 5 
1 4 49 1 2 16 
1 3 49 50 16 
1 5 49 1 3 4 44 
1 4 49 1 31 44 
1 4 49 1 42 44 
1 4 49 21 4 44 
1 5 49 28 3 4 44 
1 5 49 28 30 31 44 
1 4 49 28 42 44 
1 4 49 40 4 44 
1 4 49 40 31 44 
1 4 49 40 42 44 
1 5 49 50 3 4 44 
1 6 49 1 2 3 4 44 
1 6 49 1 2 3 43 44 
1 6 49 1 2 42 43 44 
1 6 49 1 41 42 43 44 
1 5 49 50 42 43 44 
1 5 49 40 41 43 44 
1 6 49 40 41 42 43 44 
1 2 49 51 
1 5 49 1 3 4 33 
1 4 49 1 22 33 
1 4 49 1 31 33 
1 5 49 1 42 43 33 
1 4 49 21 4 33 
1 5 49 28 3 4 33 
1 5 49 28 30 31 33 
1 5 49 28 42 43 33 
1 4 49 40 4 33 
1 4 49 40 31 33 
1 5 49 40 42 43 33 
1 5 49 50 3 32 33 
1 6 49 1 2 3 32 33 
1 6 49 1 2 31 32 33 
1 6 49 1 30 31 32 33 
1 4 49 15 32 33 
1 5 49 21 31 32 33 
1 5 49 50 31 32 33 
1 6 49 29 30 31 32 33 
1 5 49 50 42 32 33 
1 6 49 40 41 42 43 33 
1 6 49 40 41 31 32 33 
1 5 49 41 42 43 33 
1 5 49 1 3 4 6 
1 4 49 1 22 6 
1 5 49 1 31 32 6 
1 5 49 1 42 43 6 
1 5 49 28 3 4 6 
1 5 49 28 42 43 6 
1 4 49 40 4 6 
1 5 49 40 4 5 6 
1 5 49 40 31 32 6 
1 5 49 40 42 43 6 
1 5 49 50 3 5 6 
1 6 49 50 3 4 5 6 
1 4 49 15 5 6 
1 5 49 50 31 32 6 
1 5 49 30 4 5 6 
1 5 49 50 42 5 6 
1 5 49 41 42 5 6 
1 5 49 1 3 4 23 
1 4 49 1 31 23 
1 4 49 1 42 23 
1 4 49 40 4 23 
1 4 49 50 4 23 
1 5 49 2 3 4 23 
1 4 49 50 22 23 
1 5 49 50 3 5 45 
1 5 49 1 2 16 45 
1 4 49 1 22 45 
1 5 49 1 31 32 45 
1 5 49 1 42 43 45 
1 4 49 15 5 45 
1 5 49 28 42 43 45 
1 5 49 40 4 5 45 
1 5 49 40 31 32 45 
1 5 49 40 42 43 45 
1 6 49 50 3 4 44 45 
1 5 49 3 43 44 45 
1 5 49 15 43 44 45 
1 4 49 50 22 45 
1 5 49 50 31 44 45 
1 5 49 30 31 32 45 
1 5 49 30 43 44 45 
1 5 49 50 42 44 45 
1 5 49 41 42 44 45 
1 5 49 50 3 5 34 
1 5 49 1 2 16 34 
1 5 49 1 22 33 34 
1 5 49 1 31 32 34 
1 5 49 50 3 44 34 
1 4 49 15 5 34 
1 4 49 15 44 34 
1 5 49 40 4 5 34 
1 5 49 40 22 33 34 
1 5 49 40 31 32 34 
1 6 49 40 42 43 44 34 
1 6 49 50 3 4 33 34 
1 5 49 50 4 5 34 
1 4 49 50 16 34 
1 5 49 15 32 33 34 
1 5 49 50 31 33 34 
1 6 49 50 31 32 33 34 
1 5 49 30 31 33 34 
1 6 49 50 42 43 44 34 
1 6 49 50 42 32 33 34 
1 5 49 50 43 33 34 
1 6 49 1 3 4 5 7 
1 5 49 50 3 5 7 
1 5 49 1 2 5 7 
1 6 49 1 2 5 6 7 
1 5 49 1 2 16 7 
1 5 49 1 22 6 7 
1 5 49 50 3 33 7 
1 5 49 50 3 44 7 
1 4 49 15 5 7 
1 5 49 15 5 6 7 
1 4 49 15 33 7 
1 4 49 15 44 7 
1 5 49 21 32 33 7 
1 5 49 21 43 44 7 
1 5 49 40 4 5 7 
1 6 49 40 4 5 6 7 
1 6 49 40 31 32 33 7 
1 6 49 40 42 43 44 7 
1 7 49 50 3 4 5 6 7 
1 5 49 50 22 6 7 
1 5 49 50 32 33 7 
1 5 49 31 32 33 7 
1 5 49 31 5 6 7 
1 5 49 50 43 44 7 
1 5 49 42 5 6 7 
1 5 49 1 3 4 17 
1 4 49 50 3 17 
1 5 49 1 31 32 17 
1 5 49 1 42 43 17 
1 4 49 21 4 17 
1 6 49 28 29 31 32 17 
1 5 49 40 31 32 17 
1 5 49 40 42 43 17 
1 4 49 50 16 17 
1 4 49 50 22 17 
1 5 49 50 42 43 17 
1 5 49 1 22 45 46 
1 5 49 50 3 33 46 
1 5 49 50 3 44 46 
1 4 49 1 44 46 
1 5 49 15 5 6 46 
1 4 49 15 33 46 
1 4 49 15 44 46 
1 5 49 15 44 45 46 
1 5 49 21 16 45 46 
1 5 49 21 32 33 46 
1 5 49 21 43 44 46 
1 6 49 28 29 16 45 46 
1 7 49 28 29 31 32 33 46 
1 7 49 28 29 43 44 45 46 
1 6 49 40 4 5 6 46 
1 6 49 40 31 32 33 46 
1 6 49 40 42 43 44 46 
1 7 49 40 41 43 44 45 46 
1 7 49 50 3 4 5 6 46 
1 7 49 50 3 4 5 45 46 
1 7 49 50 3 4 44 45 46 
1 7 49 50 3 43 44 45 46 
1 5 49 50 22 45 46 
1 5 49 31 32 33 46 
1 5 49 31 44 45 46 
1 7 49 50 42 43 44 45 46 
1 5 49 42 44 45 46 
1 5 49 50 3 23 35 
1 6 49 1 31 32 33 35 
1 5 49 50 3 33 35 
1 5 49 1 2 33 35 
1 5 49 1 33 34 35 
1 5 49 15 5 6 35 
1 4 49 15 33 35 
1 5 49 15 33 34 35 
1 5 49 15 44 45 35 
1 5 49 21 16 34 35 
1 5 49 21 32 33 35 
1 6 49 28 29 16 34 35 
1 5 49 28 22 23 35 
1 6 49 40 4 5 6 35 
1 5 49 40 16 34 35 
1 5 49 40 22 23 35 
1 6 49 40 31 32 33 35 
1 6 49 40 41 32 33 35 
1 7 49 40 41 32 33 34 35 
1 7 49 40 42 43 44 45 35 
1 7 49 50 3 4 5 6 35 
1 7 49 50 3 4 5 34 35 
1 7 49 50 3 4 33 34 35 
1 7 49 50 3 32 33 34 35 
1 5 49 50 22 23 35 
1 6 49 50 22 33 34 35 
1 6 49 50 31 33 34 35 
1 7 49 50 31 32 33 34 35 
1 5 49 50 32 34 35 
1 7 49 50 42 43 44 45 35 
1 7 49 50 42 43 44 34 35 
1 7 49 50 42 43 33 34 35 
1 7 49 50 42 32 33 34 35 
1 7 49 50 3 5 6 7 8 
1 5 49 50 3 23 8 
1 6 49 50 3 33 34 8 
1 5 49 15 5 6 8 
1 6 49 15 5 6 7 8 
1 5 49 15 33 34 8 
1 5 49 15 44 45 8 
1 5 49 21 6 7 8 
1 5 49 21 16 7 8 
1 7 49 28 29 30 5 6 8 
1 7 49 28 29 30 6 7 8 
1 6 49 28 29 16 7 8 
1 6 49 28 29 30 23 8 
1 8 49 28 29 30 32 33 34 8 
1 7 49 28 29 43 44 45 8 
1 6 49 40 4 5 6 8 
1 6 49 40 41 5 6 8 
1 5 49 40 6 7 8 
1 7 49 40 41 32 33 34 8 
1 7 49 40 41 43 44 45 8 
1 6 49 50 4 5 7 8 
1 7 49 50 4 5 6 7 8 
1 5 49 50 5 6 8 
1 6 49 50 32 33 34 8 
1 5 49 50 33 7 8 
1 5 49 50 44 7 8 
1 2 20 15 
1 3 20 29 31 
1 4 20 2 3 4 
1 3 20 21 4 
1 3 20 2 22 
1 2 20 22 
1 4 20 2 3 43 
1 3 20 21 43 
1 4 20 2 3 32 
1 3 20 15 32 
1 4 20 30 31 32 
1 3 20 21 32 
1 4 20 2 3 5 
1 5 20 2 3 4 5 
1 4 20 21 4 5 
1 4 20 30 31 5 
1 3 20 2 16 
1 3 20 21 16 
1 3 20 15 16 
1 3 20 41 16 
1 5 20 2 3 43 44 
1 4 20 21 4 44 
1 4 20 30 43 44 
1 4 20 21 43 44 
1 4 20 29 4 44 
1 2 20 51 
1 4 20 2 43 33 
1 5 20 2 3 32 33 
1 4 20 21 4 33 
1 5 20 30 31 32 33 
1 4 20 21 32 33 
1 4 20 21 43 33 
1 4 20 29 4 33 
1 4 20 21 31 33 
1 4 20 29 43 33 
1 4 20 2 4 6 
1 4 20 2 32 6 
1 4 20 2 43 6 
1 5 20 2 3 4 6 
1 5 20 2 4 5 6 
1 4 20 3 5 6 
1 3 20 22 6 
1 5 20 30 31 5 6 
1 4 20 31 32 6 
1 4 20 21 43 6 
1 4 20 29 4 6 
1 4 20 21 31 6 
1 4 20 29 43 6 
1 4 20 2 22 23 
1 3 20 22 23 
1 3 20 21 23 
1 4 20 29 4 23 
1 4 20 29 30 23 
1 4 20 29 31 23 
1 4 20 41 42 23 
1 5 20 2 4 5 45 
1 4 20 2 16 45 
1 4 20 2 32 45 
1 4 20 2 43 45 
1 4 20 21 5 45 
1 4 20 21 16 45 
1 5 20 15 43 44 45 
1 5 20 30 43 44 45 
1 4 20 21 43 45 
1 5 20 21 43 44 45 
1 5 20 29 4 5 45 
1 4 20 29 16 45 
1 4 20 21 31 45 
1 4 20 41 5 45 
1 4 20 41 32 45 
1 5 20 2 4 5 34 
1 4 20 2 16 34 
1 4 20 2 32 34 
1 5 20 2 43 44 34 
1 6 20 2 3 4 5 34 
1 6 20 2 3 4 33 34 
1 6 20 2 31 32 33 34 
1 4 20 21 16 34 
1 4 20 15 16 34 
1 5 20 30 31 32 34 
1 5 20 30 32 33 34 
1 5 20 21 32 33 34 
1 5 20 21 43 33 34 
1 4 20 21 44 34 
1 5 20 29 4 5 34 
1 4 20 29 16 34 
1 6 20 29 31 32 33 34 
1 5 20 21 31 33 34 
1 5 20 29 43 44 34 
1 4 20 41 5 34 
1 5 20 41 43 44 34 
1 5 20 2 4 5 7 
1 4 20 2 16 7 
1 5 20 2 32 33 7 
1 5 20 2 43 44 7 
1 5 20 15 5 6 7 
1 6 20 21 4 5 6 7 
1 5 20 3 5 6 7 
1 6 20 3 4 5 6 7 
1 4 20 21 16 7 
1 5 20 21 32 33 7 
1 5 20 31 32 33 7 
1 5 20 31 5 6 7 
1 5 20 21 43 44 7 
1 5 20 42 43 44 7 
1 5 20 42 5 6 7 
1 5 20 29 4 5 7 
1 5 20 21 31 6 7 
1 4 20 29 16 7 
1 5 20 29 43 44 7 
1 4 20 2 32 17 
1 4 20 2 43 17 
1 3 20 15 17 
1 3 20 22 17 
1 4 20 21 43 17 
1 4 20 29 4 17 
1 4 20 21 31 17 
1 5 20 29 31 32 17 
1 4 20 29 43 17 
1 4 20 41 42 17 
1 4 20 41 32 17 
1 4 20 41 43 17 
1 5 20 2 16 45 46 
1 5 20 2 32 33 46 
1 5 20 2 43 44 46 
1 5 20 2 3 44 46 
1 5 20 15 5 6 46 
1 4 20 15 33 46 
1 4 20 15 44 46 
1 6 20 21 4 5 6 46 
1 6 20 21 4 44 45 46 
1 5 20 21 5 45 46 
1 5 20 21 32 33 46 
1 5 20 31 32 33 46 
1 5 20 21 43 44 46 
1 6 20 21 43 44 45 46 
1 5 20 29 16 45 46 
1 5 20 21 31 45 46 
1 5 20 2 32 33 35 
1 5 20 15 5 6 35 
1 4 20 15 23 35 
1 5 20 15 44 45 35 
1 6 20 21 4 5 6 35 
1 6 20 21 4 33 34 35 
1 6 20 3 4 5 6 35 
1 6 20 3 4 5 34 35 
1 6 20 3 4 33 34 35 
1 6 20 3 32 33 34 35 
1 5 20 21 5 34 35 
1 4 20 22 23 35 
1 5 20 21 32 33 35 
1 6 20 21 32 33 34 35 
1 6 20 31 32 33 34 35 
1 6 20 21 43 44 45 35 
1 6 20 21 43 44 34 35 
1 6 20 21 43 33 34 35 
1 6 20 42 43 44 34 35 
1 6 20 42 43 33 34 35 
1 6 20 42 32 33 34 35 
1 6 20 29 4 5 6 35 
1 5 20 29 16 34 35 
1 5 20 29 30 23 35 
1 6 20 29 31 32 33 35 
1 7 20 29 31 32 33 34 35 
1 6 20 21 31 33 34 35 
1 7 20 29 30 31 33 34 35 
1 5 20 41 42 23 35 
1 5 20 41 42 33 35 
1 5 20 41 33 34 35 
1 5 20 2 3 6 8 
1 6 20 2 32 33 34 8 
1 5 20 15 5 6 8 
1 6 20 15 5 6 7 8 
1 4 20 15 23 8 
1 5 20 15 33 34 8 
1 5 20 15 44 45 8 
1 6 20 21 4 5 6 8 
1 6 20 21 4 6 7 8 
1 7 20 21 4 5 6 7 8 
1 5 20 21 5 7 8 
1 4 20 21 23 8 
1 6 20 21 32 33 34 8 
1 6 20 21 32 6 7 8 
1 5 20 21 33 7 8 
1 5 20 32 33 7 8 
1 6 20 21 43 44 45 8 
1 6 20 21 43 6 7 8 
1 5 20 21 44 7 8 
1 5 20 43 44 7 8 
1 6 20 29 4 5 6 8 
1 7 20 29 4 5 6 7 8 
1 6 20 21 31 6 7 8 
1 5 20 29 16 7 8 
1 5 20 29 30 23 8 
1 7 20 29 30 32 33 34 8 
1 5 20 41 42 23 8 
1 6 20 2 4 5 6 24 
1 4 20 2 16 24 
1 5 20 2 32 33 24 
1 5 20 2 43 44 24 
1 5 20 15 5 6 24 
1 4 20 15 33 24 
1 4 20 15 44 24 
1 6 20 21 4 5 6 24 
1 5 20 21 4 23 24 
1 6 20 29 4 5 6 24 
1 4 20 29 16 24 
1 4 20 21 31 24 
1 5 20 29 43 44 24 
1 5 20 41 5 6 24 
1 5 20 41 32 33 24 
1 5 20 41 43 44 24 
1 6 20 2 4 5 6 18 
1 4 20 2 16 18 
1 5 20 2 3 23 18 
1 6 20 2 32 33 34 18 
1 6 20 2 43 44 45 18 
1 5 20 15 5 6 18 
1 4 20 15 17 18 
1 4 20 15 23 18 
1 5 20 15 33 34 18 
1 5 20 15 44 45 18 
1 5 20 21 4 17 18 
1 4 20 5 6 18 
1 5 20 21 16 17 18 
1 6 20 21 32 33 34 18 
1 5 20 21 43 17 18 
1 5 20 43 44 45 18 
1 6 20 29 4 5 6 18 
1 4 20 29 16 18 
1 5 20 21 31 17 18 
1 6 20 29 30 31 17 18 
1 5 20 29 30 23 18 
1 7 20 29 30 32 33 34 18 
1 6 20 29 43 44 45 18 
1 5 20 41 5 6 18 
1 5 20 41 42 17 18 
1 5 20 41 42 23 18 
1 6 20 41 32 33 34 18 
1 6 20 41 43 44 45 18 
1 7 20 2 4 5 6 7 36 
1 6 20 2 3 23 35 36 
1 7 20 2 43 44 45 46 36 
1 6 20 15 5 6 7 36 
1 4 20 15 17 36 
1 5 20 15 23 35 36 
1 5 20 15 33 34 36 
1 6 20 15 33 34 35 36 
1 6 20 15 44 45 46 36 
1 7 20 21 4 5 6 7 36 
1 7 20 21 4 5 6 35 36 
1 7 20 21 4 5 34 35 36 
1 7 20 21 4 33 34 35 36 
1 5 20 21 16 17 36 
1 6 20 21 32 33 35 36 
1 7 20 21 32 33 34 35 36 
1 5 20 32 33 34 36 
1 5 20 32 34 35 36 
1 7 20 21 43 44 45 46 36 
1 7 20 21 43 44 45 35 36 
1 7 20 21 43 44 34 35 36 
1 7 20 21 43 33 34 35 36 
1 7 20 29 4 5 6 7 36 
1 7 20 29 30 32 33 34 36 
1 7 20 29 30 31 33 34 36 
1 8 20 29 30 32 33 34 35 36 
1 7 20 21 31 33 34 35 36 
1 8 20 29 30 31 33 34 35 36 
1 5 20 21 31 34 36 
1 7 20 29 43 44 45 46 36 
1 5 20 41 42 17 36 
1 7 20 41 43 44 45 46 36 
1 3 27 28 22 
1 5 27 28 30 31 32 
1 5 27 28 29 31 32 
1 4 27 40 42 32 
1 5 27 28 29 3 5 
1 4 27 21 4 5 
1 5 27 28 29 4 5 
1 5 27 28 29 30 5 
1 5 27 28 30 4 5 
1 4 27 40 31 5 
1 4 27 40 42 5 
1 4 27 28 2 16 
1 4 27 1 2 16 
1 5 27 28 29 3 44 
1 4 27 28 15 44 
1 4 27 21 4 44 
1 5 27 28 30 43 44 
1 5 27 28 29 43 44 
1 5 27 28 29 30 44 
1 4 27 40 4 44 
1 4 27 40 31 44 
1 4 27 40 42 44 
1 5 27 40 41 42 44 
1 5 27 28 41 43 44 
1 5 27 28 29 42 44 
1 5 27 28 41 42 44 
1 5 27 28 29 3 33 
1 5 27 1 2 3 33 
1 4 27 21 4 33 
1 4 27 21 43 33 
1 5 27 28 30 32 33 
1 5 27 28 29 31 33 
1 5 27 29 30 32 33 
1 5 27 28 30 31 33 
1 6 27 28 30 31 32 33 
1 6 27 28 29 31 32 33 
1 4 27 40 4 33 
1 4 27 40 22 33 
1 4 27 40 31 33 
1 5 27 28 41 32 33 
1 5 27 28 41 43 33 
1 6 27 28 29 3 5 6 
1 5 27 28 2 3 6 
1 4 27 21 4 6 
1 4 27 21 32 6 
1 4 27 21 43 6 
1 6 27 28 30 31 5 6 
1 4 27 40 4 6 
1 5 27 28 41 5 6 
1 4 27 40 22 6 
1 5 27 28 41 32 6 
1 5 27 28 41 43 6 
1 5 27 28 2 3 23 
1 4 27 21 4 23 
1 4 27 40 4 23 
1 4 27 40 31 23 
1 4 27 40 42 23 
1 5 27 28 2 16 45 
1 5 27 1 31 32 45 
1 6 27 1 2 3 44 45 
1 5 27 28 15 5 45 
1 5 27 21 4 5 45 
1 4 27 21 16 45 
1 4 27 21 32 45 
1 4 27 21 43 45 
1 6 27 28 29 4 5 45 
1 4 27 29 16 45 
1 6 27 28 30 31 44 45 
1 5 27 28 29 43 45 
1 5 27 29 30 44 45 
1 5 27 28 41 5 45 
1 4 27 40 16 45 
1 4 27 40 22 45 
1 5 27 28 41 32 45 
1 5 27 40 42 43 45 
1 5 27 28 41 43 45 
1 6 27 28 41 43 44 45 
1 6 27 28 29 42 44 45 
1 6 27 28 41 42 44 45 
1 5 27 28 2 16 34 
1 5 27 1 2 33 34 
1 5 27 28 15 5 34 
1 5 27 28 15 44 34 
1 5 27 21 4 5 34 
1 4 27 21 16 34 
1 4 27 21 32 34 
1 5 27 21 43 44 34 
1 4 27 29 16 34 
1 6 27 28 30 31 32 34 
1 6 27 28 30 32 33 34 
1 6 27 28 29 31 33 34 
1 6 27 29 30 32 33 34 
1 6 27 28 30 31 33 34 
1 7 27 28 30 31 32 33 34 
1 7 27 28 29 31 32 33 34 
1 5 27 29 30 44 34 
1 6 27 28 29 43 33 34 
1 5 27 28 41 5 34 
1 4 27 40 16 34 
1 5 27 40 41 32 34 
1 5 27 28 41 32 34 
1 6 27 28 29 42 33 34 
1 5 27 28 41 33 34 
1 5 27 28 41 42 34 
1 7 27 28 29 3 5 6 7 
1 6 27 1 2 3 6 7 
1 5 27 28 2 16 7 
1 5 27 28 15 5 7 
1 5 27 28 15 33 7 
1 5 27 28 15 44 7 
1 5 27 21 4 5 7 
1 4 27 21 16 7 
1 5 27 21 32 33 7 
1 5 27 21 43 44 7 
1 6 27 29 30 5 6 7 
1 6 27 28 30 31 6 7 
1 7 27 28 29 4 5 6 7 
1 4 27 29 16 7 
1 7 27 28 29 31 32 6 7 
1 5 27 28 30 33 7 
1 5 27 40 4 5 7 
1 5 27 28 41 5 7 
1 6 27 28 29 42 6 7 
1 4 27 40 16 7 
1 5 27 28 2 16 17 
1 5 27 1 2 16 17 
1 4 27 21 4 17 
1 4 27 21 32 17 
1 4 27 21 43 17 
1 5 27 28 29 16 17 
1 6 27 28 29 30 31 17 
1 6 27 28 2 16 45 46 
1 6 27 1 2 43 44 46 
1 7 27 1 42 43 44 45 46 
1 7 27 28 2 43 44 45 46 
1 7 27 1 2 43 44 45 46 
1 7 27 28 29 3 44 45 46 
1 7 27 28 2 3 44 45 46 
1 6 27 1 2 3 45 46 
1 5 27 28 15 33 46 
1 5 27 28 15 44 46 
1 6 27 21 4 5 6 46 
1 5 27 21 16 45 46 
1 5 27 21 32 33 46 
1 5 27 21 43 44 46 
1 7 27 28 3 43 44 45 46 
1 7 27 28 29 4 5 45 46 
1 5 27 29 16 45 46 
1 7 27 28 29 31 32 45 46 
1 5 27 28 30 33 46 
1 7 27 28 42 43 44 45 46 
1 7 27 28 29 43 44 45 46 
1 6 27 28 41 5 6 46 
1 6 27 28 41 32 33 46 
1 6 27 28 41 43 44 46 
1 7 27 28 41 43 44 45 46 
1 7 27 28 29 42 44 45 46 
1 7 27 28 41 42 44 45 46 
1 6 27 28 2 16 34 35 
1 5 27 1 22 23 35 
1 7 27 28 29 3 33 34 35 
1 5 27 28 2 3 35 
1 5 27 28 15 33 35 
1 5 27 21 16 34 35 
1 4 27 21 23 35 
1 5 27 21 32 33 35 
1 6 27 21 43 44 45 35 
1 7 27 28 29 4 5 34 35 
1 5 27 29 16 34 35 
1 7 27 28 29 31 32 33 35 
1 7 27 28 29 31 33 34 35 
1 7 27 29 30 32 33 34 35 
1 7 27 28 30 31 33 34 35 
1 5 27 29 30 31 35 
1 7 27 28 29 43 44 34 35 
1 6 27 28 41 5 6 35 
1 6 27 40 31 32 33 35 
1 6 27 28 41 32 33 35 
1 6 27 28 41 42 33 35 
1 7 27 40 41 42 33 34 35 
1 7 27 28 29 42 33 34 35 
1 6 27 40 32 33 34 35 
1 6 27 28 41 42 34 35 
1 7 27 28 41 43 44 45 35 
1 7 27 28 29 3 5 6 8 
1 6 27 28 2 16 7 8 
1 7 27 28 2 43 44 45 8 
1 5 27 21 16 7 8 
1 4 27 21 23 8 
1 6 27 21 32 33 34 8 
1 6 27 21 43 44 45 8 
1 6 27 29 30 5 6 8 
1 7 27 28 29 4 5 7 8 
1 7 27 29 30 5 6 7 8 
1 7 27 28 30 31 6 7 8 
1 6 27 28 29 5 6 8 
1 6 27 29 30 31 7 8 
1 5 27 29 16 7 8 
1 7 27 28 30 32 33 34 8 
1 6 27 28 30 31 34 8 
1 6 27 29 30 31 34 8 
1 7 27 28 29 32 33 7 8 
1 7 27 28 29 43 44 45 8 
1 7 27 28 29 43 6 7 8 
1 5 27 29 30 45 8 
1 6 27 28 41 5 6 8 
1 6 27 28 41 5 7 8 
1 6 27 28 41 42 6 8 
1 7 27 28 29 42 6 7 8 
1 6 27 28 41 42 7 8 
1 7 27 28 41 32 33 34 8 
1 7 27 28 41 43 44 45 8 
1 5 27 28 2 16 24 
1 6 27 28 2 32 33 24 
1 6 27 28 2 43 44 24 
1 4 27 21 16 24 
1 5 27 21 32 33 24 
1 5 27 21 43 44 24 
1 6 27 29 4 5 6 24 
1 5 27 29 30 23 24 
1 6 27 28 29 30 31 24 
1 6 27 28 30 32 33 24 
1 6 27 28 29 43 44 24 
1 6 27 28 41 5 6 24 
1 6 27 40 41 42 23 24 
1 6 27 28 41 32 33 24 
1 6 27 28 41 43 44 24 
1 5 27 28 2 16 18 
1 6 27 28 2 16 17 18 
1 6 27 1 2 16 17 18 
1 6 27 28 29 3 17 18 
1 6 27 28 29 3 23 18 
1 6 27 28 15 5 6 18 
1 5 27 28 15 23 18 
1 6 27 28 15 33 34 18 
1 6 27 28 15 44 45 18 
1 6 27 21 4 5 6 18 
1 6 27 21 32 33 34 18 
1 6 27 21 43 44 45 18 
1 6 27 28 29 4 17 18 
1 6 27 28 29 31 17 18 
1 6 27 29 30 31 17 18 
1 6 27 28 29 16 17 18 
1 7 27 28 29 30 31 17 18 
1 7 27 29 30 32 33 34 18 
1 7 27 29 30 31 33 34 18 
1 7 27 28 29 30 32 17 18 
1 6 27 28 29 43 17 18 
1 4 27 40 16 18 
1 6 27 40 41 42 17 18 
1 6 27 28 41 42 17 18 
1 6 27 28 29 42 23 18 
1 7 27 28 41 43 44 45 18 
1 6 27 28 2 16 17 36 
1 7 27 28 29 3 23 35 36 
1 6 27 1 2 3 33 36 
1 7 27 28 2 32 33 34 36 
1 7 27 28 29 3 33 34 36 
1 7 27 28 2 33 34 35 36 
1 5 27 1 2 34 36 
1 6 27 28 2 3 35 36 
1 5 27 21 16 17 36 
1 5 27 21 23 35 36 
1 6 27 21 32 33 34 36 
1 7 27 28 30 31 6 7 36 
1 5 27 29 16 17 36 
1 6 27 29 30 31 17 36 
1 5 27 28 16 17 36 
1 7 27 28 30 32 33 34 36 
1 9 27 28 29 30 32 33 34 35 36 
1 9 27 28 29 30 31 33 34 35 36 
1 7 27 28 29 32 33 34 36 
1 7 27 29 30 31 34 35 36 
1 7 27 29 43 44 45 46 36 
1 8 27 28 29 43 44 45 46 36 
1 8 27 28 29 30 31 45 46 36 
1 7 27 28 41 5 6 7 36 
1 6 27 28 29 42 17 36 
1 7 27 28 29 42 23 35 36 
1 7 27 28 41 32 33 34 36 
1 7 27 28 41 32 33 35 36 
1 7 27 28 41 42 33 34 36 
1 8 27 28 41 43 44 45 46 36 
1 2 14 42 
1 2 14 31 
1 2 14 4 
1 2 14 22 
1 3 14 42 43 
1 3 14 31 32 
1 3 14 4 5 
1 3 14 42 5 
1 2 14 16 
1 3 14 4 44 
1 4 14 42 43 44 
1 3 14 42 44 
1 3 14 4 33 
1 3 14 31 33 
1 4 14 31 32 33 
1 4 14 42 32 33 
1 3 14 4 6 
1 4 14 4 5 6 
1 4 14 31 32 6 
1 4 14 42 5 6 
1 3 14 22 6 
1 3 14 4 23 
1 3 14 22 23 
1 3 14 42 23 
1 4 14 3 5 45 
1 4 14 4 5 45 
1 4 14 31 44 45 
1 4 14 42 43 45 
1 5 14 42 43 44 45 
1 3 14 22 45 
1 4 14 42 44 45 
1 4 14 3 5 34 
1 4 14 3 44 34 
1 4 14 4 33 34 
1 4 14 22 33 34 
1 4 14 31 33 34 
1 5 14 31 32 33 34 
1 5 14 42 43 33 34 
1 4 14 43 44 34 
1 4 14 42 44 34 
1 4 14 3 5 7 
1 4 14 3 33 7 
1 4 14 3 44 7 
1 4 14 4 6 7 
1 5 14 4 5 6 7 
1 3 14 16 7 
1 5 14 31 32 6 7 
1 4 14 32 33 7 
1 5 14 42 43 44 7 
1 5 14 42 5 6 7 
1 4 14 22 6 7 
1 4 14 31 33 7 
1 4 14 42 33 7 
1 4 14 42 44 7 
1 3 14 4 17 
1 3 14 16 17 
1 4 14 42 43 17 
1 3 14 22 17 
1 5 14 3 5 6 46 
1 4 14 3 33 46 
1 4 14 3 44 46 
1 5 14 4 5 6 46 
1 5 14 4 44 45 46 
1 4 14 5 45 46 
1 4 14 16 45 46 
1 5 14 31 32 33 46 
1 5 14 31 44 45 46 
1 4 14 32 45 46 
1 5 14 42 43 44 46 
1 6 14 42 43 44 45 46 
1 4 14 22 6 46 
1 4 14 22 45 46 
1 4 14 31 6 46 
1 4 14 31 33 46 
1 4 14 42 6 46 
1 4 14 42 33 46 
1 4 14 42 44 46 
1 5 14 42 44 45 46 
1 5 14 3 5 6 35 
1 4 14 3 23 35 
1 4 14 3 33 35 
1 5 14 3 44 45 35 
1 5 14 4 5 34 35 
1 4 14 5 6 35 
1 4 14 22 23 35 
1 5 14 22 33 34 35 
1 5 14 31 32 33 35 
1 5 14 31 33 34 35 
1 6 14 31 32 33 34 35 
1 4 14 32 34 35 
1 6 14 42 43 44 45 35 
1 6 14 42 43 44 34 35 
1 6 14 42 43 33 34 35 
1 6 14 42 32 33 34 35 
1 4 14 22 6 35 
1 4 14 22 45 35 
1 4 14 31 6 35 
1 4 14 31 33 35 
1 4 14 31 45 35 
1 4 14 42 6 35 
1 4 14 42 23 35 
1 4 14 42 33 35 
1 5 14 42 44 45 35 
1 5 14 3 5 6 8 
1 5 14 3 4 6 8 
1 5 14 3 6 7 8 
1 4 14 3 23 8 
1 5 14 3 33 34 8 
1 5 14 3 44 45 8 
1 5 14 4 5 7 8 
1 6 14 4 5 6 7 8 
1 3 14 6 8 
1 3 14 23 8 
1 5 14 32 33 7 8 
1 4 14 33 34 8 
1 5 14 43 44 7 8 
1 4 14 44 45 8 
1 4 14 22 6 8 
1 5 14 22 6 7 8 
1 4 14 22 34 8 
1 4 14 22 45 8 
1 4 14 31 6 8 
1 5 14 31 33 34 8 
1 4 14 31 45 8 
1 4 14 42 6 8 
1 5 14 42 6 7 8 
1 4 14 42 23 8 
1 5 14 42 33 34 8 
1 5 14 42 44 45 8 
1 5 14 3 5 6 24 
1 4 14 3 33 24 
1 4 14 3 44 24 
1 5 14 4 5 6 24 
1 4 14 4 23 24 
1 3 14 23 24 
1 4 14 43 44 24 
1 4 14 22 6 24 
1 3 14 22 24 
1 4 14 31 6 24 
1 4 14 31 33 24 
1 4 14 42 6 24 
1 4 14 42 23 24 
1 4 14 42 33 24 
1 4 14 42 44 24 
1 5 14 3 5 6 18 
1 4 14 3 23 18 
1 5 14 3 33 34 18 
1 5 14 3 44 45 18 
1 4 14 4 17 18 
1 3 14 16 18 
1 4 14 16 17 18 
1 5 14 32 33 34 18 
1 5 14 43 44 45 18 
1 4 14 22 6 18 
1 4 14 22 17 18 
1 4 14 22 34 18 
1 4 14 22 45 18 
1 4 14 31 6 18 
1 5 14 31 33 34 18 
1 4 14 31 45 18 
1 4 14 42 6 18 
1 4 14 42 17 18 
1 4 14 42 23 18 
1 5 14 42 33 34 18 
1 5 14 42 44 45 18 
1 6 14 3 5 6 7 36 
1 5 14 3 4 17 36 
1 5 14 3 23 35 36 
1 5 14 3 33 34 36 
1 6 14 3 44 45 46 36 
1 6 14 4 5 6 7 36 
1 6 14 4 5 6 35 36 
1 6 14 4 5 34 35 36 
1 6 14 4 33 34 35 36 
1 4 14 16 17 36 
1 4 14 23 35 36 
1 5 14 32 33 35 36 
1 6 14 32 33 34 35 36 
1 6 14 43 44 45 46 36 
1 6 14 43 44 45 35 36 
1 6 14 43 44 34 35 36 
1 6 14 43 33 34 35 36 
1 5 14 22 6 7 36 
1 4 14 22 17 36 
1 4 14 22 34 36 
1 5 14 22 34 35 36 
1 5 14 22 45 46 36 
1 5 14 31 6 7 36 
1 4 14 31 17 36 
1 5 14 31 33 34 36 
1 5 14 31 45 46 36 
1 5 14 42 6 7 36 
1 4 14 42 17 36 
1 5 14 42 23 35 36 
1 5 14 42 33 34 36 
1 6 14 42 33 34 35 36 
1 6 14 42 44 45 46 36 
1 6 14 3 5 6 7 9 
1 5 14 3 4 7 9 
1 5 14 3 4 17 9 
1 5 14 3 23 8 9 
1 6 14 3 33 34 35 9 
1 6 14 3 44 45 46 9 
1 5 14 5 6 8 9 
1 6 14 5 6 7 8 9 
1 3 14 7 9 
1 4 14 23 8 9 
1 5 14 33 34 8 9 
1 5 14 44 45 8 9 
1 4 14 45 46 9 
1 5 14 22 6 7 9 
1 6 14 22 6 7 8 9 
1 4 14 22 17 9 
1 5 14 22 34 35 9 
1 5 14 22 45 46 9 
1 5 14 31 6 7 9 
1 5 14 31 7 8 9 
1 4 14 31 17 9 
1 6 14 31 33 34 35 9 
1 5 14 31 45 46 9 
1 5 14 42 6 7 9 
1 6 14 42 6 7 8 9 
1 4 14 42 17 9 
1 5 14 42 23 8 9 
1 6 14 42 33 34 35 9 
1 6 14 42 44 45 46 9 
1 2 50 22 
1 2 50 16 
1 5 50 3 4 5 6 
1 3 50 22 6 
1 3 50 22 23 
1 5 50 3 4 5 45 
1 5 50 3 43 44 45 
1 3 50 22 45 
1 5 50 42 43 44 45 
1 5 50 3 4 33 34 
1 4 50 22 33 34 
1 5 50 31 32 33 34 
1 5 50 42 43 33 34 
1 5 50 3 4 6 7 
1 6 50 3 4 5 6 7 
1 5 50 31 32 6 7 
1 5 50 42 43 6 7 
1 3 50 16 17 
1 3 50 22 17 
1 5 50 3 5 6 46 
1 4 50 3 33 46 
1 4 50 3 44 46 
1 4 50 31 6 46 
1 4 50 31 33 46 
1 4 50 42 6 46 
1 4 50 42 44 46 
1 5 50 31 32 45 46 
1 4 50 32 33 46 
1 5 50 42 43 44 46 
1 5 50 42 44 45 46 
1 5 50 3 5 6 35 
1 5 50 3 44 45 35 
1 4 50 22 6 35 
1 4 50 31 6 35 
1 4 50 31 45 35 
1 5 50 42 44 45 35 
1 6 50 3 4 5 6 35 
1 6 50 3 4 5 34 35 
1 6 50 3 4 33 34 35 
1 6 50 3 32 33 34 35 
1 4 50 16 34 35 
1 4 50 22 23 35 
1 5 50 31 32 34 35 
1 6 50 31 32 33 34 35 
1 6 50 42 43 44 34 35 
1 6 50 42 43 33 34 35 
1 6 50 42 32 33 34 35 
1 5 50 3 5 6 8 
1 5 50 3 33 34 8 
1 5 50 3 44 45 8 
1 5 50 22 6 7 8 
1 4 50 22 34 8 
1 5 50 31 33 34 8 
1 4 50 31 45 8 
1 5 50 42 6 7 8 
1 5 50 42 33 34 8 
1 5 50 42 44 45 8 
1 5 50 4 5 7 8 
1 6 50 4 5 6 7 8 
1 5 50 32 33 7 8 
1 5 50 43 44 45 8 
1 5 50 43 6 7 8 
1 5 50 3 5 6 24 
1 4 50 3 33 24 
1 4 50 22 6 24 
1 3 50 22 24 
1 4 50 42 23 24 
1 4 50 4 23 24 
1 3 50 23 24 
1 5 50 3 5 6 18 
1 4 50 3 23 18 
1 5 50 3 33 34 18 
1 5 50 3 44 45 18 
1 4 50 22 6 18 
1 4 50 22 17 18 
1 4 50 22 34 18 
1 4 50 22 45 18 
1 4 50 31 6 18 
1 5 50 31 33 34 18 
1 4 50 31 45 18 
1 4 50 42 6 18 
1 4 50 42 17 18 
1 4 50 42 23 18 
1 5 50 42 33 34 18 
1 5 50 42 44 45 18 
1 4 50 4 17 18 
1 4 50 16 17 18 
1 5 50 32 33 34 18 
1 4 50 43 17 18 
1 5 50 3 4 17 36 
1 5 50 3 23 35 36 
1 5 50 3 33 34 36 
1 5 50 22 6 7 36 
1 4 50 22 17 36 
1 5 50 22 34 35 36 
1 5 50 22 45 46 36 
1 5 50 31 6 7 36 
1 5 50 31 33 34 36 
1 5 50 31 45 46 36 
1 5 50 42 6 7 36 
1 5 50 42 23 35 36 
1 5 50 42 33 34 36 
1 4 50 16 17 36 
1 5 50 32 33 35 36 
1 5 50 3 4 7 9 
1 5 50 3 7 8 9 
1 5 50 22 6 7 9 
1 6 50 22 6 7 8 9 
1 4 50 22 17 9 
1 5 50 22 45 46 9 
1 5 50 31 6 7 9 
1 5 50 31 7 8 9 
1 5 50 31 45 46 9 
1 5 50 42 6 7 9 
1 5 50 42 23 8 9 
1 5 50 5 6 8 9 
1 3 50 17 9 
1 5 50 33 34 35 9 
1 5 50 33 7 8 9 
1 5 50 44 45 46 9 
1 5 50 44 7 8 9 
1 4 50 45 8 9 
1 6 50 3 5 6 7 47 
1 5 50 3 4 17 47 
1 4 50 3 23 47 
1 5 50 3 45 46 47 
1 5 50 22 6 7 47 
1 4 50 22 17 47 
1 4 50 22 34 47 
1 4 50 22 45 47 
1 5 50 22 45 46 47 
1 5 50 31 6 7 47 
1 4 50 31 17 47 
1 4 50 42 17 47 
1 4 50 42 23 47 
1 5 50 42 44 45 47 
1 6 50 42 44 45 46 47 
1 6 50 42 43 45 46 47 
1 5 50 5 6 46 47 
1 5 50 44 45 46 47 
1 3 50 22 52 
1 3 50 42 52 
1 2 50 52 
1 4 0 1 41 32 
1 5 0 1 3 4 5 
1 5 0 1 2 4 5 
1 5 0 1 2 3 5 
1 4 0 1 30 5 
1 3 0 2 16 
1 4 0 1 2 16 
1 3 0 29 16 
1 5 0 1 3 43 44 
1 5 0 1 42 43 44 
1 5 0 1 2 43 44 
1 5 0 1 2 3 44 
1 4 0 1 30 44 
1 5 0 1 41 43 44 
1 5 0 1 41 42 44 
1 5 0 1 3 32 33 
1 5 0 1 31 32 33 
1 5 0 1 2 32 33 
1 5 0 1 2 3 33 
1 5 0 1 42 32 33 
1 4 0 21 43 33 
1 5 0 1 30 32 33 
1 5 0 1 2 31 33 
1 5 0 1 41 43 33 
1 5 0 1 3 5 6 
1 5 0 1 3 4 6 
1 5 0 1 31 5 6 
1 4 0 21 32 6 
1 4 0 21 43 6 
1 5 0 29 31 32 6 
1 5 0 1 2 42 6 
1 4 0 21 4 23 
1 5 0 2 4 5 45 
1 4 0 2 16 45 
1 5 0 1 31 44 45 
1 5 0 2 3 44 45 
1 4 0 15 5 45 
1 5 0 21 4 5 45 
1 4 0 21 16 45 
1 4 0 21 32 45 
1 4 0 21 43 45 
1 4 0 21 22 45 
1 5 0 29 4 5 45 
1 4 0 29 16 45 
1 5 0 29 31 32 45 
1 5 0 2 4 5 34 
1 4 0 2 16 34 
1 5 0 2 43 44 34 
1 5 0 2 3 44 34 
1 5 0 1 43 44 34 
1 5 0 1 2 44 34 
1 4 0 15 5 34 
1 4 0 15 44 34 
1 5 0 21 4 5 34 
1 4 0 21 16 34 
1 4 0 21 32 34 
1 4 0 21 22 34 
1 5 0 21 43 44 34 
1 5 0 29 4 5 34 
1 4 0 29 16 34 
1 5 0 29 31 32 34 
1 6 0 1 41 43 44 34 
1 5 0 2 4 5 7 
1 5 0 1 3 5 7 
1 7 0 1 2 3 4 6 7 
1 5 0 1 2 5 7 
1 4 0 2 16 7 
1 5 0 2 32 33 7 
1 5 0 2 43 44 7 
1 4 0 15 5 7 
1 4 0 15 33 7 
1 4 0 15 44 7 
1 5 0 21 4 5 7 
1 4 0 21 22 7 
1 4 0 21 16 7 
1 5 0 21 32 33 7 
1 5 0 21 43 44 7 
1 5 0 29 4 5 7 
1 5 0 1 2 31 7 
1 4 0 29 16 7 
1 4 0 2 4 17 
1 4 0 2 32 17 
1 4 0 2 43 17 
1 4 0 21 4 17 
1 4 0 21 22 17 
1 4 0 21 32 17 
1 4 0 21 43 17 
1 5 0 2 32 33 46 
1 5 0 2 43 44 46 
1 5 0 2 3 4 46 
1 5 0 15 5 6 46 
1 4 0 15 33 46 
1 4 0 15 44 46 
1 6 0 21 4 5 6 46 
1 5 0 21 16 45 46 
1 5 0 21 32 33 46 
1 5 0 21 43 44 46 
1 4 0 21 22 46 
1 5 0 29 43 44 46 
1 6 0 2 4 5 6 35 
1 5 0 2 32 33 35 
1 6 0 2 3 33 34 35 
1 4 0 15 33 35 
1 5 0 21 16 34 35 
1 4 0 21 23 35 
1 5 0 21 32 33 35 
1 5 0 21 22 34 35 
1 6 0 21 43 44 45 35 
1 6 0 2 4 5 6 8 
1 7 0 1 2 4 6 7 8 
1 8 0 1 2 4 5 6 7 8 
1 8 0 1 2 3 5 6 7 8 
1 8 0 1 2 3 4 6 7 8 
1 5 0 1 3 34 8 
1 7 0 1 2 3 4 45 8 
1 5 0 21 16 7 8 
1 4 0 21 23 8 
1 6 0 21 43 44 45 8 
1 5 0 1 30 23 8 
1 5 0 2 3 23 24 
1 5 0 2 3 4 24 
1 5 0 2 32 33 24 
1 5 0 2 43 44 24 
1 4 0 21 16 24 
1 5 0 21 32 33 24 
1 5 0 21 43 44 24 
1 5 0 29 30 23 24 
1 5 0 1 3 6 18 
1 4 0 2 16 18 
1 5 0 15 5 6 18 
1 4 0 15 23 18 
1 5 0 15 33 34 18 
1 5 0 15 44 45 18 
1 6 0 21 4 5 6 18 
1 5 0 21 22 17 18 
1 6 0 21 32 33 34 18 
1 6 0 21 43 44 45 18 
1 5 0 1 30 31 18 
1 8 0 1 2 4 5 6 7 36 
1 8 0 1 2 4 5 34 35 36 
1 8 0 1 2 4 33 34 35 36 
1 5 0 2 3 4 36 
1 5 0 2 45 35 36 
1 6 0 15 5 6 7 36 
1 5 0 15 33 34 36 
1 6 0 15 44 45 46 36 
1 5 0 21 16 17 36 
1 5 0 21 23 35 36 
1 6 0 21 32 33 34 36 
1 8 0 2 3 5 6 7 8 9 
1 8 0 2 3 4 6 7 8 9 
1 8 0 1 2 3 4 6 8 9 
1 9 0 1 2 3 5 6 7 8 9 
1 9 0 1 2 3 4 6 7 8 9 
1 8 0 1 2 3 33 34 8 9 
1 8 0 1 2 3 4 34 35 9 
1 6 0 15 5 6 7 9 
1 6 0 15 33 34 35 9 
1 6 0 15 44 45 46 9 
1 8 0 1 2 22 6 7 8 9 
1 7 0 21 22 6 7 8 9 
1 5 0 21 23 8 9 
1 8 0 1 2 42 43 7 8 9 
1 8 0 1 2 42 33 34 35 9 
1 8 0 1 2 3 5 6 46 47 
1 8 0 1 2 3 4 6 7 47 
1 7 0 1 2 3 4 17 47 
1 8 0 1 2 3 44 45 46 47 
1 8 0 1 2 3 4 45 46 47 
1 7 0 1 2 22 6 7 47 
1 6 0 1 2 22 17 47 
1 4 0 21 23 47 
1 7 0 1 2 22 45 46 47 
1 6 0 21 22 45 46 47 
1 8 0 1 2 42 44 45 46 47 
1 8 0 1 41 42 44 45 46 47 
1 8 0 1 2 3 43 45 46 47 
1 8 0 1 2 42 43 45 46 47 
1 8 0 1 41 42 43 45 46 47 
1 5 0 1 2 4 52 
1 5 0 2 3 4 52 
1 6 0 1 2 3 4 52 
1 3 0 15 52 
1 5 0 1 2 22 52 
1 4 0 21 22 52 
1 5 0 1 2 31 52 
1 5 0 29 30 31 52 
1 5 0 1 41 42 52 
1 9 0 1 2 3 4 6 7 8 37 
1 9 0 1 2 3 4 6 7 36 37 
1 9 0 1 2 3 4 6 35 36 37 
1 5 0 1 3 8 37 
1 7 0 1 2 4 17 18 37 
1 7 0 1 3 4 17 18 37 
1 8 0 1 2 3 4 17 36 37 
1 8 0 1 2 3 4 17 18 37 
1 7 0 1 2 3 23 24 37 
1 8 0 1 2 3 23 35 36 37 
1 8 0 1 2 3 33 34 36 37 
1 9 0 1 2 3 33 34 35 36 37 
1 9 0 1 2 3 4 34 35 36 37 
1 5 0 1 2 4 37 
1 8 0 1 3 44 45 46 36 37 
1 9 0 1 2 3 44 45 46 36 37 
1 9 0 1 2 3 44 45 35 36 37 
1 9 0 1 2 3 44 34 35 36 37 
1 9 0 1 2 3 4 45 46 36 37 
1 9 0 1 2 3 4 45 35 36 37 
1 6 0 15 6 7 8 37 
1 6 0 15 33 34 35 37 
1 8 0 1 2 22 6 7 8 37 
1 7 0 1 2 22 17 18 37 
1 5 0 21 23 24 37 
1 6 0 21 22 34 35 37 
1 8 0 1 2 22 34 35 36 37 
1 7 0 21 22 34 35 36 37 
1 8 0 1 2 22 45 46 36 37 
1 7 0 1 2 31 17 18 37 
1 6 0 1 30 23 24 37 
1 8 0 1 2 31 32 34 36 37 
1 9 0 1 30 31 33 34 35 36 37 
1 9 0 1 2 3 32 34 35 36 37 
1 9 0 1 30 31 32 34 35 36 37 
1 8 0 29 30 33 34 35 36 37 
1 8 0 1 2 31 32 35 36 37 
1 8 0 29 30 31 32 35 36 37 
1 7 0 1 2 42 17 18 37 
1 7 0 1 2 42 23 24 37 
1 9 0 1 2 42 33 34 35 36 37 
1 9 0 1 41 42 33 34 35 36 37 
1 9 0 1 2 3 43 34 35 36 37 
1 9 0 1 2 42 43 34 35 36 37 
1 9 0 1 41 42 43 34 35 36 37 
1 9 0 1 2 42 44 45 46 36 37 
1 4 28 2 3 23 
1 4 28 41 42 23 
1 4 28 2 4 17 
1 4 28 2 32 17 
1 4 28 2 43 17 
1 4 28 42 43 17 
1 4 28 30 23 35 
1 4 28 30 23 8 
1 5 28 2 3 23 24 
1 5 28 29 22 6 24 
1 5 28 29 4 23 24 
1 5 28 29 30 23 24 
1 5 28 29 42 23 24 
1 5 28 41 42 23 24 
1 6 28 29 30 4 17 18 
1 6 28 2 3 4 17 18 
1 5 28 15 5 6 18 
1 4 28 15 23 18 
1 5 28 15 33 34 18 
1 5 28 15 44 45 18 
1 5 28 29 22 17 18 
1 5 28 29 16 17 18 
1 6 28 29 30 31 17 18 
1 6 28 29 30 32 17 18 
1 5 28 2 16 17 36 
1 6 28 15 5 6 7 36 
1 6 28 15 44 45 46 36 
1 5 28 29 22 17 36 
1 6 28 15 5 6 7 9 
1 6 28 15 33 34 35 9 
1 6 28 15 44 45 46 9 
1 5 28 29 22 17 9 
1 6 28 29 3 33 34 47 
1 6 28 29 30 4 46 47 
1 4 28 15 23 47 
1 5 28 29 31 17 47 
1 6 28 29 30 31 34 47 
1 6 28 29 30 44 45 47 
1 6 28 29 30 32 46 47 
1 5 28 29 42 17 47 
1 6 28 29 42 33 34 47 
1 6 28 41 42 44 45 47 
1 5 28 29 30 4 52 
1 5 28 2 3 4 52 
1 4 28 29 22 52 
1 4 28 30 31 52 
1 5 28 29 30 31 52 
1 4 28 29 42 52 
1 3 28 41 52 
1 7 28 29 30 4 17 18 37 
1 6 28 15 6 7 8 37 
1 5 28 15 17 18 37 
1 6 28 15 33 34 35 37 
1 7 28 15 44 45 46 36 37 
1 7 28 29 22 6 7 8 37 
1 6 28 29 22 17 18 37 
1 5 28 29 22 24 37 
1 7 28 29 22 45 46 36 37 
1 7 28 29 30 31 17 18 37 
1 5 28 30 23 24 37 
1 6 28 29 31 32 24 37 
1 9 28 29 30 31 33 34 35 36 37 
1 9 28 29 30 31 32 34 35 36 37 
1 3 1 22 17 
1 7 1 2 22 6 7 8 9 
1 5 1 2 22 17 9 
1 5 1 2 31 17 9 
1 6 1 3 5 6 7 47 
1 6 1 2 3 5 7 47 
1 6 1 2 5 6 7 47 
1 5 1 2 4 17 47 
1 5 1 3 33 34 47 
1 6 1 2 3 33 46 47 
1 5 1 3 44 45 47 
1 5 1 2 4 45 47 
1 6 1 2 3 44 45 47 
1 6 1 3 4 45 46 47 
1 6 1 2 4 5 46 47 
1 5 1 2 31 17 47 
1 6 1 2 31 33 34 47 
1 6 1 2 31 45 46 47 
1 6 1 2 3 32 46 47 
1 6 1 2 3 32 33 47 
1 6 1 2 31 32 33 47 
1 6 1 30 31 32 33 47 
1 6 1 41 5 6 7 47 
1 5 1 2 42 17 47 
1 6 1 2 42 33 34 47 
1 6 1 2 42 44 45 47 
1 6 1 41 42 43 45 47 
1 4 1 3 4 52 
1 5 1 2 3 4 52 
1 4 1 2 22 52 
1 4 1 30 31 52 
1 4 1 2 42 52 
1 3 1 41 52 
1 7 1 2 3 4 17 18 37 
1 5 1 3 23 24 37 
1 6 1 2 3 5 24 37 
1 5 1 2 16 18 37 
1 5 1 2 16 24 37 
1 5 1 2 16 35 37 
1 7 1 2 22 6 7 8 37 
1 6 1 2 22 17 18 37 
1 5 1 2 22 24 37 
1 7 1 2 22 34 35 36 37 
1 7 1 2 22 45 46 36 37 
1 5 1 30 23 24 37 
1 9 1 2 3 4 6 7 8 9 10 
1 9 1 2 3 4 5 7 8 9 10 
1 6 1 2 4 17 18 10 
1 6 1 3 4 17 18 10 
1 5 1 2 16 18 10 
1 7 1 2 22 6 7 8 10 
1 8 1 2 22 6 7 8 9 10 
1 7 1 2 22 34 35 36 10 
1 7 1 2 22 45 46 9 10 
1 6 1 2 31 17 18 10 
1 6 1 2 42 17 18 10 
1 7 1 2 4 6 7 8 25 
1 7 1 2 4 5 7 8 25 
1 8 1 2 3 4 6 7 8 25 
1 7 1 2 3 4 6 24 25 
1 8 1 2 3 4 5 7 8 25 
1 5 1 2 4 17 25 
1 6 1 2 3 4 17 25 
1 6 1 2 4 5 24 25 
1 7 1 2 3 4 5 24 25 
1 5 1 3 4 24 25 
1 5 1 3 4 5 25 
1 7 1 2 3 4 45 46 25 
1 7 1 2 22 6 7 8 25 
1 7 1 2 31 6 7 8 25 
1 7 1 2 3 32 34 35 25 
1 6 1 2 31 45 46 25 
1 7 1 2 42 6 7 8 25 
1 5 1 2 42 17 25 
1 7 1 2 3 4 44 24 25 
1 7 1 2 3 43 44 24 25 
1 7 1 2 42 43 44 24 25 
1 7 1 41 42 43 44 24 25 
1 7 1 2 3 43 34 35 25 
1 7 1 2 3 43 45 46 25 
1 5 1 2 4 5 12 
1 6 1 2 3 4 5 12 
1 7 1 2 3 4 17 18 12 
1 6 1 2 3 5 24 12 
1 6 1 2 16 7 8 12 
1 5 1 2 16 24 12 
1 6 1 2 16 35 36 12 
1 5 1 2 16 46 12 
1 7 1 2 22 6 7 8 12 
1 6 1 2 22 17 18 12 
1 7 1 2 22 34 35 36 12 
1 6 1 2 22 45 46 12 
1 6 1 2 3 4 33 12 
1 6 1 2 3 32 24 12 
1 6 1 2 3 4 44 12 
1 5 21 22 6 8 9 
1 4 21 22 7 9 
1 5 21 22 34 35 9 
1 5 21 22 45 46 9 
1 5 21 22 33 8 9 
1 4 21 4 17 47 
1 4 21 16 7 47 
1 4 21 16 46 47 
1 5 21 5 45 46 47 
1 4 21 22 17 47 
1 4 21 22 34 47 
1 5 21 22 45 46 47 
1 5 21 44 45 46 47 
1 4 21 31 17 47 
1 4 21 22 33 47 
1 3 21 4 52 
1 3 21 22 52 
1 6 21 4 6 7 8 37 
1 6 21 4 45 46 36 37 
1 4 21 16 35 37 
1 6 21 22 6 7 36 37 
1 5 21 6 7 8 37 
1 5 21 22 17 36 37 
1 5 21 22 17 18 37 
1 6 21 22 34 35 36 37 
1 6 21 33 34 35 36 37 
1 6 21 22 45 46 36 37 
1 6 21 22 45 35 36 37 
1 6 21 44 45 46 36 37 
1 6 21 44 45 35 36 37 
1 6 21 44 34 35 36 37 
1 6 21 31 6 7 8 37 
1 6 21 31 33 34 35 37 
1 7 21 31 32 34 35 36 37 
1 6 21 22 33 35 36 37 
1 7 21 31 32 33 35 36 37 
1 5 21 31 32 35 37 
1 5 21 43 7 8 37 
1 6 21 43 45 46 36 37 
1 5 21 4 5 24 10 
1 5 21 16 7 8 10 
1 4 21 16 24 10 
1 5 21 16 35 36 10 
1 5 21 16 46 9 10 
1 7 21 22 6 7 8 9 10 
1 5 21 6 8 9 10 
1 5 21 22 17 18 10 
1 5 21 22 35 9 10 
1 5 21 45 8 9 10 
1 5 21 31 32 24 10 
1 6 21 31 45 46 9 10 
1 5 21 43 7 8 10 
1 5 21 43 44 9 10 
1 5 21 43 44 18 10 
1 5 21 43 44 24 10 
1 4 21 4 17 25 
1 5 21 4 34 35 25 
1 5 21 4 45 46 25 
1 4 21 16 24 25 
1 4 21 16 35 25 
1 4 21 16 46 25 
1 6 21 22 6 7 8 25 
1 5 21 22 6 24 25 
1 4 21 22 17 25 
1 4 21 22 24 25 
1 5 21 22 45 46 25 
1 4 21 31 17 25 
1 4 21 22 33 25 
1 5 21 31 45 46 25 
1 5 21 43 7 8 25 
1 5 21 43 34 35 25 
1 5 21 43 45 46 25 
1 6 21 4 6 7 8 12 
1 5 21 4 5 24 12 
1 6 21 4 34 35 36 12 
1 5 21 4 45 46 12 
1 5 21 16 7 8 12 
1 3 21 16 12 
1 5 21 16 35 36 12 
1 4 21 16 46 12 
1 5 21 22 17 18 12 
1 6 21 22 34 35 36 12 
1 6 21 31 6 7 8 12 
1 4 21 22 33 12 
1 5 21 31 32 33 12 
1 5 21 31 32 24 12 
1 5 21 31 45 46 12 
1 5 21 43 7 8 12 
1 5 21 43 44 18 12 
1 5 21 43 44 24 12 
1 6 21 43 34 35 36 12 
1 5 21 43 45 46 12 
1 6 21 4 5 7 8 19 
1 5 21 4 5 18 19 
1 5 21 4 34 18 19 
1 5 21 4 45 18 19 
1 5 21 16 7 8 19 
1 4 21 16 18 19 
1 5 21 22 7 8 19 
1 4 21 22 18 19 
1 5 21 22 34 35 19 
1 5 21 22 34 18 19 
1 5 21 22 45 46 19 
1 5 21 22 45 18 19 
1 6 21 31 32 7 8 19 
1 5 21 22 33 18 19 
1 6 21 31 32 33 18 19 
1 6 21 31 32 34 18 19 
1 5 21 31 45 18 19 
1 5 21 43 7 8 19 
1 5 21 43 34 18 19 
1 5 21 43 45 18 19 
1 7 40 41 4 5 7 8 9 
1 5 40 22 6 7 9 
1 5 40 22 34 35 9 
1 7 40 30 5 6 7 8 9 
1 7 40 30 31 6 7 8 9 
1 7 40 41 31 32 7 8 9 
1 7 40 30 31 32 33 8 9 
1 7 40 41 31 33 34 35 9 
1 7 40 41 5 6 7 8 9 
1 7 40 41 42 6 7 8 9 
1 7 40 41 42 43 7 8 9 
1 7 40 41 42 43 34 35 9 
1 7 40 41 42 44 45 8 9 
1 7 40 41 42 43 45 46 9 
1 7 40 41 42 43 44 46 9 
1 4 40 3 23 47 
1 5 40 3 33 34 47 
1 5 40 3 44 45 47 
1 5 40 41 16 7 47 
1 5 40 22 6 7 47 
1 4 40 22 17 47 
1 4 40 22 34 47 
1 4 40 22 45 47 
1 4 40 30 23 47 
1 5 40 42 6 7 47 
1 4 40 42 17 47 
1 4 40 42 23 47 
1 5 40 42 33 34 47 
1 7 40 41 42 44 45 46 47 
1 7 40 41 42 43 45 46 47 
1 7 40 41 42 43 44 46 47 
1 5 40 42 43 44 47 
1 4 40 3 4 52 
1 4 40 41 31 52 
1 3 40 30 52 
1 4 40 41 42 52 
1 5 40 3 23 24 37 
1 7 40 41 42 5 35 36 37 
1 7 40 3 44 45 46 36 37 
1 6 40 41 16 7 8 37 
1 5 40 41 16 18 37 
1 5 40 41 16 35 37 
1 6 40 41 16 46 36 37 
1 6 40 22 6 7 8 37 
1 4 40 22 24 37 
1 6 40 22 45 46 36 37 
1 5 40 30 23 24 37 
1 7 40 41 42 32 34 36 37 
1 8 40 30 31 33 34 35 36 37 
1 8 40 41 31 32 34 35 36 37 
1 8 40 41 42 43 33 35 36 37 
1 8 40 41 31 32 33 35 36 37 
1 7 40 30 44 45 46 36 37 
1 7 40 41 42 6 7 36 37 
1 5 40 42 23 24 37 
1 6 40 41 42 23 24 37 
1 7 40 41 42 23 35 36 37 
1 7 40 41 43 44 35 36 37 
1 8 40 41 42 33 34 35 36 37 
1 8 40 41 42 43 34 35 36 37 
1 8 40 41 42 43 44 35 36 37 
1 7 40 42 43 45 46 36 37 
1 7 40 41 43 44 46 36 37 
1 8 40 41 42 44 45 46 36 37 
1 8 40 41 42 44 45 35 36 37 
1 8 40 41 42 44 34 35 36 37 
1 8 40 41 42 43 45 46 36 37 
1 8 40 41 42 43 45 35 36 37 
1 8 40 3 4 6 7 8 9 10 
1 8 40 41 4 5 7 8 9 10 
1 5 40 41 16 18 10 
1 5 40 41 16 24 10 
1 6 40 41 16 35 36 10 
1 6 40 41 16 46 9 10 
1 4 40 22 24 10 
1 8 40 41 42 43 33 8 9 10 
1 8 40 41 42 32 34 35 36 10 
1 8 40 41 42 43 7 8 9 10 
1 8 40 41 42 43 44 8 9 10 
1 8 40 41 42 43 34 35 9 10 
1 8 40 41 42 43 44 35 9 10 
1 8 40 41 42 43 45 8 9 10 
1 7 40 41 4 6 7 8 25 
1 5 40 41 4 17 25 
1 6 40 41 4 5 24 25 
1 5 40 3 4 24 25 
1 6 40 41 4 34 35 25 
1 6 40 41 4 45 46 25 
1 5 40 22 34 35 25 
1 7 40 41 31 6 7 8 25 
1 6 40 41 42 43 33 25 
1 6 40 41 31 32 33 25 
1 7 40 41 42 32 34 35 25 
1 6 40 41 31 45 46 25 
1 6 40 42 6 7 8 25 
1 7 40 41 42 6 7 8 25 
1 7 40 41 42 43 7 8 25 
1 4 40 42 17 25 
1 6 40 42 43 44 24 25 
1 7 40 41 42 43 44 24 25 
1 6 40 41 43 34 35 25 
1 6 40 41 43 45 46 25 
1 7 40 41 42 43 45 46 25 
1 7 40 41 4 6 7 8 12 
1 6 40 41 42 5 24 12 
1 7 40 41 4 34 35 36 12 
1 6 40 41 4 45 46 12 
1 6 40 41 16 7 8 12 
1 5 40 41 16 24 12 
1 6 40 41 16 35 36 12 
1 5 40 41 16 46 12 
1 6 40 22 6 7 8 12 
1 4 40 22 24 12 
1 6 40 22 34 35 36 12 
1 5 40 22 45 46 12 
1 7 40 41 31 6 7 8 12 
1 6 40 41 42 32 33 12 
1 6 40 30 31 32 33 12 
1 5 40 41 31 32 12 
1 6 40 41 42 32 24 12 
1 6 40 41 31 45 46 12 
1 6 40 42 6 7 8 12 
1 7 40 41 42 43 44 8 12 
1 6 40 41 42 43 44 12 
1 5 40 42 17 18 12 
1 6 40 41 42 44 24 12 
1 7 40 41 43 34 35 36 12 
1 7 40 42 43 34 35 36 12 
1 7 40 41 43 44 35 36 12 
1 7 40 41 42 34 35 36 12 
1 6 40 41 43 45 46 12 
1 7 40 41 42 5 7 8 19 
1 6 40 41 16 7 8 19 
1 7 40 41 42 32 7 8 19 
1 7 40 41 42 43 33 18 19 
1 7 40 41 31 32 33 18 19 
1 6 40 41 42 32 33 19 
1 6 40 30 31 32 33 19 
1 7 40 41 42 32 34 18 19 
1 6 40 41 43 7 8 19 
1 7 40 41 42 43 7 8 19 
1 7 40 41 42 43 44 18 19 
1 7 40 41 42 43 34 35 19 
1 7 40 41 42 43 34 18 19 
1 7 40 41 42 43 45 46 19 
1 7 40 41 42 43 45 18 19 
1 8 40 41 42 5 7 8 9 48 
1 7 40 41 4 34 35 36 48 
1 6 40 41 42 5 46 48 
1 7 40 41 42 5 46 47 48 
1 7 40 3 4 5 46 47 48 
1 7 40 41 16 7 8 9 48 
1 5 40 41 16 18 48 
1 5 40 41 16 46 48 
1 4 40 22 18 48 
1 4 40 22 24 48 
1 8 40 41 42 32 7 8 9 48 
1 8 40 41 42 32 34 35 36 48 
1 6 40 41 42 32 46 48 
1 6 40 30 31 32 46 48 
1 7 40 41 42 32 46 47 48 
1 7 40 30 31 32 46 47 48 
1 7 40 41 42 32 33 47 48 
1 7 40 30 31 32 33 47 48 
1 7 40 41 43 7 8 9 48 
1 7 40 41 42 43 7 47 48 
1 8 40 41 42 43 7 8 9 48 
1 6 40 41 42 44 9 48 
1 6 40 42 43 44 9 48 
1 7 40 41 43 34 35 36 48 
1 7 40 42 43 44 35 36 48 
1 7 40 41 42 43 34 47 48 
1 8 40 41 42 43 34 35 36 48 
1 6 40 41 43 44 36 48 
1 6 40 41 42 44 46 48 
1 7 40 41 42 43 44 46 48 
1 7 40 41 43 44 46 47 48 
1 8 40 41 42 43 44 46 47 48 
1 4 29 3 23 47 
1 5 29 3 33 34 47 
1 5 29 3 44 45 47 
1 5 29 30 4 5 47 
1 4 29 22 17 47 
1 5 29 31 6 7 47 
1 4 29 31 17 47 
1 5 29 30 31 17 47 
1 5 29 31 33 34 47 
1 5 29 31 32 33 47 
1 5 29 42 6 7 47 
1 4 29 42 17 47 
1 5 29 42 44 45 47 
1 4 29 30 4 52 
1 3 29 22 52 
1 4 29 30 31 52 
1 5 29 3 23 24 37 
1 5 29 30 16 35 37 
1 5 29 30 23 24 37 
1 5 29 42 23 24 37 
1 7 29 30 4 6 7 8 25 
1 5 29 30 4 17 25 
1 6 29 30 4 5 24 25 
1 6 29 22 6 7 8 25 
1 5 29 22 34 35 25 
1 7 29 30 31 6 7 8 25 
1 7 29 30 31 32 7 8 25 
1 7 29 30 31 32 33 8 25 
1 4 29 31 17 25 
1 5 29 31 32 24 25 
1 6 29 30 31 45 46 25 
1 4 29 42 17 25 
1 6 29 30 43 45 46 25 
1 6 29 30 31 5 24 12 
1 6 29 30 16 7 8 12 
1 6 29 30 16 35 36 12 
1 5 29 30 16 46 12 
1 6 29 22 6 7 8 12 
1 4 29 22 24 12 
1 6 29 22 34 35 36 12 
1 5 29 22 45 46 12 
1 4 29 31 32 12 
1 5 29 31 17 18 12 
1 6 29 31 32 33 18 12 
1 6 29 30 31 32 18 12 
1 5 29 30 32 24 12 
1 5 29 42 17 18 12 
1 6 29 30 31 44 24 12 
1 6 29 30 43 45 46 12 
1 7 29 30 31 5 7 8 19 
1 6 29 30 4 5 18 19 
1 5 29 3 4 18 19 
1 5 29 3 4 5 19 
1 6 29 30 4 34 18 19 
1 6 29 30 4 45 18 19 
1 6 29 30 16 7 8 19 
1 5 29 22 34 18 19 
1 5 29 22 45 18 19 
1 6 29 30 32 7 8 19 
1 7 29 30 31 32 7 8 19 
1 6 29 30 31 33 18 19 
1 6 29 31 32 33 18 19 
1 7 29 30 31 32 33 18 19 
1 6 29 30 32 34 18 19 
1 7 29 30 31 32 34 35 19 
1 7 29 30 31 32 34 18 19 
1 5 29 31 45 18 19 
1 6 29 30 31 45 46 19 
1 6 29 30 31 45 18 19 
1 6 29 30 43 7 8 19 
1 6 29 30 43 44 18 19 
1 4 29 42 43 19 
1 6 29 30 43 34 18 19 
1 6 29 30 43 45 18 19 
1 8 29 30 31 5 7 8 9 48 
1 6 29 30 31 5 24 48 
1 7 29 30 4 34 35 36 48 
1 7 29 30 31 5 46 47 48 
1 7 29 30 4 5 46 47 48 
1 7 29 3 4 5 46 47 48 
1 7 29 30 16 7 8 9 48 
1 5 29 30 16 24 48 
1 6 29 30 16 35 36 48 
1 5 29 30 16 46 48 
1 6 29 30 16 46 47 48 
1 6 29 22 7 8 9 48 
1 4 29 22 18 48 
1 4 29 22 24 48 
1 6 29 22 34 35 36 48 
1 4 29 22 46 48 
1 7 29 30 32 7 8 9 48 
1 7 29 30 31 32 7 47 48 
1 8 29 30 31 32 7 8 9 48 
1 8 29 30 31 32 33 8 9 48 
1 5 29 30 32 24 48 
1 7 29 30 32 34 35 36 48 
1 7 29 30 31 32 34 47 48 
1 8 29 30 31 32 34 35 36 48 
1 8 29 30 31 32 33 35 36 48 
1 4 29 31 36 48 
1 6 29 31 32 46 47 48 
1 6 29 30 32 33 47 48 
1 7 29 30 31 32 46 47 48 
1 7 29 30 31 32 33 47 48 
1 7 29 30 43 7 8 9 48 
1 6 29 30 31 44 24 48 
1 7 29 30 43 34 35 36 48 
1 7 29 30 43 44 46 47 48 
1 6 29 42 43 44 47 48 
1 4 2 31 17 9 
1 4 2 42 17 9 
1 4 2 4 17 47 
1 4 2 22 17 47 
1 4 2 31 17 47 
1 4 2 42 17 47 
1 4 2 42 23 47 
1 3 2 4 52 
1 4 2 3 4 52 
1 3 2 31 52 
1 6 2 3 4 17 36 37 
1 5 2 3 23 24 37 
1 5 2 42 23 24 37 
1 4 2 16 24 10 
1 6 2 4 6 7 8 25 
1 6 2 3 5 6 8 25 
1 6 2 3 4 6 24 25 
1 4 2 4 17 25 
1 5 2 3 4 17 25 
1 5 2 4 5 24 25 
1 6 2 3 4 5 24 25 
1 5 2 3 5 6 25 
1 6 2 3 4 5 6 25 
1 5 2 4 34 35 25 
1 5 2 4 45 46 25 
1 6 2 3 4 45 46 25 
1 5 2 16 7 8 25 
1 4 2 16 35 25 
1 4 2 16 46 25 
1 6 2 22 6 7 8 25 
1 5 2 3 4 23 25 
1 5 2 22 34 35 25 
1 5 2 22 45 46 25 
1 6 2 31 6 7 8 25 
1 4 2 31 17 25 
1 5 2 31 32 24 25 
1 6 2 3 4 5 34 25 
1 6 2 3 4 33 34 25 
1 6 2 31 32 33 34 25 
1 5 2 3 32 33 25 
1 6 2 3 32 34 35 25 
1 6 2 42 6 7 8 25 
1 4 2 42 17 25 
1 6 2 3 43 44 24 25 
1 6 2 3 4 5 45 25 
1 6 2 3 4 44 45 25 
1 6 2 3 43 44 45 25 
1 6 2 3 43 34 35 25 
1 6 2 3 5 6 8 12 
1 5 2 4 17 18 12 
1 5 2 4 5 18 12 
1 5 2 3 5 24 12 
1 6 2 4 34 35 36 12 
1 5 2 16 7 8 12 
1 4 2 16 24 12 
1 5 2 16 35 36 12 
1 4 2 16 46 12 
1 6 2 22 6 7 8 12 
1 5 2 3 4 23 12 
1 4 2 22 23 12 
1 4 2 22 24 12 
1 6 2 22 34 35 36 12 
1 5 2 22 45 46 12 
1 6 2 31 6 7 8 12 
1 5 2 31 17 18 12 
1 5 2 3 32 24 12 
1 6 2 42 6 7 8 12 
1 6 2 3 43 44 45 12 
1 5 2 42 17 18 12 
1 6 2 3 43 45 46 12 
1 6 2 3 5 7 8 19 
1 6 2 3 5 6 18 19 
1 7 2 3 4 5 6 18 19 
1 5 2 4 5 18 19 
1 5 2 3 4 6 19 
1 5 2 4 5 6 19 
1 5 2 4 34 18 19 
1 6 2 3 4 34 35 19 
1 6 2 3 4 5 35 19 
1 6 2 3 4 34 18 19 
1 5 2 4 45 18 19 
1 6 2 3 4 45 46 19 
1 6 2 3 4 45 18 19 
1 5 2 16 7 8 19 
1 4 2 16 46 19 
1 6 2 3 4 23 8 19 
1 6 2 3 4 23 18 19 
1 5 2 22 23 18 19 
1 5 2 22 34 18 19 
1 5 2 22 45 18 19 
1 6 2 3 32 7 8 19 
1 6 2 3 32 33 18 19 
1 6 2 3 4 5 34 19 
1 6 2 3 4 33 34 19 
1 6 2 3 32 33 34 19 
1 5 2 31 32 18 19 
1 6 2 3 32 34 18 19 
1 5 2 31 45 18 19 
1 6 2 3 43 7 8 19 
1 6 2 3 43 44 18 19 
1 6 2 3 4 5 45 19 
1 6 2 3 4 44 45 19 
1 6 2 3 43 44 45 19 
1 5 2 42 43 18 19 
1 6 2 3 43 34 18 19 
1 6 2 3 43 45 18 19 
1 8 2 3 4 5 7 8 9 48 
1 6 2 3 4 6 18 48 
1 5 2 3 5 24 48 
1 7 2 3 4 5 46 47 48 
1 7 2 3 4 5 6 47 48 
1 4 2 4 46 48 
1 6 2 16 7 8 9 48 
1 4 2 16 18 48 
1 4 2 16 24 48 
1 5 2 16 35 36 48 
1 4 2 16 46 48 
1 7 2 3 4 23 8 9 48 
1 6 2 3 4 23 18 48 
1 4 2 22 24 48 
1 6 2 22 34 35 36 48 
1 6 2 3 4 23 47 48 
1 5 2 22 23 47 48 
1 4 2 22 46 48 
1 6 2 3 4 33 18 48 
1 5 2 3 32 24 48 
1 6 2 31 32 46 47 48 
1 6 2 3 4 5 34 48 
1 6 2 3 4 33 34 48 
1 6 2 3 4 44 18 48 
1 7 2 3 4 44 46 47 48 
1 7 2 42 43 44 46 47 48 
1 7 2 3 4 5 45 47 48 
1 7 2 3 4 44 45 47 48 
1 7 2 3 43 44 45 47 48 
1 7 2 42 43 44 45 47 48 
1 7 2 3 5 7 8 9 11 
1 8 2 3 5 6 8 9 10 11 
1 9 2 3 4 5 7 8 9 10 11 
1 9 2 3 4 5 6 8 9 10 11 
1 7 2 3 4 7 9 10 11 
1 6 2 3 5 24 10 11 
1 8 2 3 4 5 35 36 37 11 
1 6 2 3 4 36 10 11 
1 7 2 3 5 46 9 10 11 
1 5 2 16 24 10 11 
1 6 2 16 46 9 10 11 
1 8 2 3 4 23 8 9 10 11 
1 7 2 22 23 8 9 10 11 
1 5 2 22 24 10 11 
1 8 2 3 32 7 8 9 10 11 
1 6 2 3 32 24 10 11 
1 8 2 3 4 33 35 36 37 11 
1 7 2 3 32 46 9 10 11 
1 7 2 3 43 7 8 9 11 
1 8 2 3 43 7 8 9 10 11 
1 8 2 3 43 44 45 9 10 11 
1 8 2 3 4 44 35 36 37 11 
1 9 2 3 4 5 7 8 9 10 26 
1 8 2 3 4 5 7 8 25 26 
1 9 2 3 4 5 6 8 9 10 26 
1 8 2 3 4 5 6 8 25 26 
1 6 2 4 5 24 25 26 
1 7 2 3 4 5 24 25 26 
1 6 2 3 4 6 25 26 
1 6 2 4 5 6 25 26 
1 4 2 16 18 26 
1 4 2 16 24 26 
1 6 2 16 35 36 37 26 
1 8 2 3 4 23 8 9 10 26 
1 4 2 22 24 26 
1 6 2 3 4 23 25 26 
1 6 2 31 32 24 25 26 
1 7 2 3 32 33 34 25 26 
1 7 2 31 32 33 34 25 26 
1 6 2 3 4 44 24 26 
1 7 2 3 4 44 24 25 26 
1 7 2 3 43 44 24 25 26 
1 7 2 42 43 44 24 25 26 
1 7 2 3 43 44 45 25 26 
1 7 2 3 4 44 46 25 26 
1 6 2 3 4 6 18 39 
1 8 2 3 4 5 35 36 37 39 
1 6 2 3 4 6 37 39 
1 5 2 3 5 6 39 
1 6 2 3 5 46 47 39 
1 6 2 16 7 8 9 39 
1 4 2 16 18 39 
1 4 2 16 24 39 
1 6 2 16 35 36 37 39 
1 6 2 3 4 23 18 39 
1 4 2 22 24 39 
1 7 2 3 4 23 36 37 39 
1 4 2 22 23 39 
1 6 2 3 4 33 18 39 
1 8 2 3 4 33 35 36 37 39 
1 6 2 3 4 33 34 39 
1 6 2 3 32 46 47 39 
1 6 2 3 4 44 18 39 
1 6 2 3 4 44 24 39 
1 8 2 3 4 44 35 36 37 39 
1 6 2 3 43 44 45 39 
1 4 51 7 8 9 
1 3 51 46 9 
1 3 51 46 47 
1 4 51 7 36 37 
1 3 51 24 37 
1 4 51 35 36 37 
1 4 51 7 8 10 
1 5 51 7 8 9 10 
1 3 51 18 10 
1 4 51 35 36 10 
1 4 51 46 9 10 
1 3 51 24 25 
1 3 51 46 25 
1 2 51 12 
1 3 51 24 12 
1 3 51 46 12 
1 3 51 18 19 
1 3 51 46 19 
1 5 51 7 8 9 48 
1 3 51 18 48 
1 4 51 35 36 48 
1 4 51 46 47 48 
1 5 51 7 8 10 11 
1 6 51 7 8 9 10 11 
1 4 51 18 10 11 
1 5 51 35 36 10 11 
1 5 51 35 36 37 11 
1 5 51 46 9 10 11 
1 6 51 7 8 9 10 26 
1 5 51 7 8 25 26 
1 3 51 24 26 
1 4 51 24 25 26 
1 5 51 35 36 37 26 
1 4 51 46 25 26 
1 3 51 18 39 
1 5 51 35 36 37 39 
1 6 15 5 6 7 8 9 
1 5 15 16 7 8 9 
1 4 15 23 8 9 
1 2 15 52 
1 5 15 5 7 8 37 
1 5 15 5 6 18 37 
1 4 15 5 24 37 
1 4 15 5 35 37 
1 5 15 5 46 36 37 
1 5 15 16 7 36 37 
1 5 15 6 7 36 37 
1 4 15 7 8 37 
1 4 15 17 36 37 
1 4 15 16 18 37 
1 4 15 23 24 37 
1 5 15 23 35 36 37 
1 4 15 16 35 37 
1 6 15 33 34 35 36 37 
1 5 15 16 35 36 37 
1 6 15 44 45 46 36 37 
1 6 15 44 45 35 36 37 
1 6 15 44 34 35 36 37 
1 4 15 23 8 37 
1 4 15 23 18 37 
1 5 15 32 7 8 37 
1 5 15 32 33 18 37 
1 4 15 32 24 37 
1 6 15 32 34 35 36 37 
1 6 15 32 33 34 36 37 
1 4 15 16 34 37 
1 5 15 32 46 36 37 
1 5 15 43 7 8 37 
1 5 15 43 44 18 37 
1 5 15 43 44 24 37 
1 5 15 16 45 36 37 
1 5 15 43 44 45 37 
1 6 15 43 45 46 36 37 
1 5 15 5 6 18 10 
1 6 15 6 7 8 9 10 
1 5 15 16 35 9 10 
1 4 15 23 8 10 
1 4 15 23 18 10 
1 6 15 32 7 8 9 10 
1 6 15 32 33 34 9 10 
1 5 15 32 33 18 10 
1 6 15 32 34 35 36 10 
1 5 15 43 44 18 10 
1 6 15 43 34 35 36 10 
1 6 15 43 45 46 9 10 
1 5 15 5 7 8 25 
1 4 15 5 35 25 
1 4 15 6 24 25 
1 4 15 16 24 25 
1 4 15 16 46 25 
1 4 15 23 8 25 
1 5 15 32 34 35 25 
1 5 15 43 7 8 25 
1 4 15 16 45 25 
1 5 15 43 34 35 25 
1 5 15 5 7 8 12 
1 5 15 5 6 18 12 
1 4 15 5 24 12 
1 5 15 5 35 36 12 
1 4 15 5 46 12 
1 3 15 16 12 
1 5 15 16 35 36 12 
1 4 15 23 8 12 
1 4 15 23 36 12 
1 5 15 32 7 8 12 
1 5 15 32 33 34 12 
1 5 15 32 33 18 12 
1 4 15 32 24 12 
1 6 15 32 34 35 36 12 
1 4 15 32 46 12 
1 5 15 43 7 8 12 
1 5 15 43 44 45 12 
1 5 15 43 44 18 12 
1 5 15 43 44 24 12 
1 6 15 43 34 35 36 12 
1 5 15 43 45 46 12 
1 5 15 5 7 8 19 
1 4 15 5 35 19 
1 4 15 5 46 19 
1 4 15 34 18 19 
1 3 15 35 19 
1 4 15 45 18 19 
1 3 15 46 19 
1 4 15 23 8 19 
1 5 15 32 7 8 19 
1 4 15 16 34 19 
1 4 15 32 46 19 
1 5 15 43 7 8 19 
1 4 15 16 45 19 
1 6 15 5 7 8 9 48 
1 4 15 5 46 48 
1 5 15 16 7 47 48 
1 5 15 16 8 9 48 
1 4 15 16 24 48 
1 5 15 16 46 47 48 
1 3 15 46 48 
1 5 15 23 8 9 48 
1 6 15 32 7 8 9 48 
1 6 15 32 34 35 36 48 
1 4 15 32 46 48 
1 6 15 43 7 8 9 48 
1 5 15 43 44 24 48 
1 6 15 43 34 35 36 48 
1 5 15 16 45 47 48 
1 6 15 5 7 8 9 11 
1 6 15 5 6 8 9 11 
1 6 15 5 8 9 10 11 
1 6 15 5 46 9 10 11 
1 7 15 16 7 8 9 10 11 
1 5 15 7 9 10 11 
1 5 15 35 36 10 11 
1 5 15 35 36 37 11 
1 3 15 47 11 
1 6 15 32 7 8 9 11 
1 7 15 32 33 35 36 37 11 
1 6 15 32 46 9 10 11 
1 6 15 43 7 8 9 11 
1 7 15 5 7 8 9 10 26 
1 5 15 5 6 18 26 
1 6 15 5 35 36 37 26 
1 7 15 16 7 8 9 10 26 
1 6 15 16 7 8 25 26 
1 4 15 16 24 26 
1 5 15 16 24 25 26 
1 6 15 16 35 36 37 26 
1 5 15 16 46 25 26 
1 6 15 23 8 9 10 26 
1 4 15 23 18 26 
1 5 15 23 36 37 26 
1 4 15 23 47 26 
1 7 15 32 7 8 9 10 26 
1 5 15 32 33 18 26 
1 5 15 16 34 25 26 
1 7 15 32 33 35 36 37 26 
1 7 15 43 7 8 9 10 26 
1 5 15 43 44 18 26 
1 5 15 16 45 25 26 
1 7 15 43 44 35 36 37 26 
1 6 15 43 44 46 25 26 
1 6 15 5 7 8 9 39 
1 5 15 5 6 18 39 
1 4 15 5 24 39 
1 6 15 5 35 36 37 39 
1 6 15 16 35 36 37 39 
1 6 15 32 7 8 9 39 
1 5 15 32 33 18 39 
1 4 15 32 24 39 
1 7 15 32 33 35 36 37 39 
1 6 15 43 7 8 9 39 
1 5 15 43 44 18 39 
1 7 15 43 44 35 36 37 39 
1 5 15 43 44 45 39 
1 4 41 4 17 9 
1 4 41 31 17 9 
1 4 41 4 17 47 
1 4 41 4 34 47 
1 4 41 4 45 47 
1 4 41 31 17 47 
1 3 41 31 52 
1 3 41 42 52 
1 5 41 42 23 24 37 
1 4 41 16 24 10 
1 6 41 4 6 7 8 25 
1 4 41 4 17 25 
1 5 41 4 5 24 25 
1 5 41 4 34 35 25 
1 5 41 16 7 8 25 
1 4 41 16 35 25 
1 4 41 16 46 25 
1 5 41 42 23 8 25 
1 4 41 31 17 25 
1 5 41 31 32 24 25 
1 5 41 42 6 24 25 
1 4 41 42 17 25 
1 5 41 43 44 24 25 
1 6 41 42 43 44 24 25 
1 6 41 4 6 7 8 12 
1 5 41 4 17 18 12 
1 5 41 42 5 24 12 
1 6 41 4 34 35 36 12 
1 5 41 16 7 8 12 
1 4 41 16 24 12 
1 5 41 16 35 36 12 
1 4 41 16 46 12 
1 5 41 42 23 8 12 
1 5 41 42 23 18 12 
1 5 41 42 23 36 12 
1 5 41 31 17 18 12 
1 5 41 42 32 24 12 
1 5 41 42 44 18 12 
1 5 41 42 17 18 12 
1 4 41 43 18 12 
1 5 41 42 44 24 12 
1 6 41 42 5 7 8 19 
1 6 41 42 5 6 18 19 
1 5 41 4 34 18 19 
1 5 41 4 45 18 19 
1 4 41 16 35 19 
1 4 41 16 46 19 
1 5 41 42 23 18 19 
1 6 41 42 32 7 8 19 
1 6 41 42 32 33 18 19 
1 6 41 42 43 44 34 19 
1 6 41 42 43 33 34 19 
1 6 41 42 32 33 34 19 
1 6 41 31 32 33 34 19 
1 6 41 42 32 34 18 19 
1 5 41 31 45 18 19 
1 5 41 43 44 18 19 
1 6 41 42 43 44 18 19 
1 6 41 42 43 44 45 19 
1 5 41 43 34 18 19 
1 6 41 42 43 34 35 19 
1 6 41 42 43 34 18 19 
1 5 41 43 45 18 19 
1 6 41 42 43 45 46 19 
1 6 41 42 43 45 18 19 
1 6 41 42 5 6 47 48 
1 6 41 16 7 8 9 48 
1 4 41 16 18 48 
1 4 41 16 24 48 
1 5 41 16 35 36 48 
1 4 41 16 46 48 
1 6 41 42 23 8 9 48 
1 5 41 42 23 36 48 
1 6 41 31 32 46 47 48 
1 6 41 31 32 33 34 48 
1 6 41 43 7 8 9 48 
1 6 41 42 43 45 9 48 
1 5 41 42 44 18 48 
1 6 41 43 34 35 36 48 
1 6 41 43 44 35 36 48 
1 6 41 43 44 46 47 48 
1 6 41 42 44 45 47 48 
1 7 41 42 43 44 46 47 48 
1 7 41 42 43 44 45 47 48 
1 7 41 42 5 6 8 9 11 
1 8 41 42 5 6 8 9 10 11 
1 7 41 42 43 6 9 10 11 
1 7 41 42 43 6 18 10 11 
1 6 41 42 5 24 10 11 
1 7 41 42 5 35 36 37 11 
1 7 41 42 5 46 9 10 11 
1 5 41 16 24 10 11 
1 6 41 16 46 9 10 11 
1 6 41 42 23 18 10 11 
1 6 41 42 23 36 37 11 
1 7 41 42 43 33 8 9 11 
1 7 41 42 43 33 34 9 11 
1 8 41 42 32 7 8 9 10 11 
1 8 41 31 32 7 8 9 10 11 
1 8 41 42 43 33 8 9 10 11 
1 8 41 42 32 33 8 9 10 11 
1 8 41 31 32 33 8 9 10 11 
1 8 41 42 43 44 34 9 10 11 
1 8 41 42 43 33 34 9 10 11 
1 8 41 42 32 33 34 9 10 11 
1 8 41 31 32 33 34 9 10 11 
1 7 41 42 43 33 18 10 11 
1 6 41 42 32 24 10 11 
1 7 41 42 32 46 9 10 11 
1 7 41 42 43 7 8 9 11 
1 7 41 42 43 7 9 10 11 
1 7 41 43 44 8 9 10 11 
1 7 41 43 44 45 9 10 11 
1 8 41 42 43 7 8 9 10 11 
1 8 41 42 43 44 8 9 10 11 
1 8 41 42 43 44 45 9 10 11 
1 5 41 42 43 45 11 
1 6 41 42 44 24 10 11 
1 7 41 42 44 45 36 37 11 
1 8 41 42 43 44 35 36 10 11 
1 8 41 42 43 44 35 9 10 11 
1 8 41 42 43 44 45 36 10 11 
1 8 41 42 43 44 45 36 37 11 
1 4 41 43 37 11 
1 7 41 42 44 46 9 10 11 
1 7 41 42 43 44 45 47 11 
1 5 41 42 5 24 26 
1 6 41 4 5 24 25 26 
1 4 41 16 18 26 
1 4 41 16 24 26 
1 5 41 42 23 18 26 
1 6 41 42 23 36 37 26 
1 5 41 42 32 24 26 
1 6 41 31 32 24 25 26 
1 7 41 42 43 44 34 25 26 
1 7 41 42 43 33 34 25 26 
1 7 41 42 32 33 34 25 26 
1 7 41 31 32 33 34 25 26 
1 7 41 42 43 7 8 25 26 
1 7 41 42 43 44 8 25 26 
1 6 41 42 44 9 10 26 
1 5 41 42 44 18 26 
1 5 41 42 44 24 26 
1 6 41 43 44 24 25 26 
1 7 41 42 43 44 24 25 26 
1 4 41 43 24 26 
1 5 41 42 43 24 26 
1 7 41 42 43 44 45 25 26 
1 6 41 42 44 45 37 26 
1 7 41 42 43 44 46 25 26 
1 7 41 42 5 7 8 9 39 
1 6 41 42 43 6 18 39 
1 5 41 42 5 24 39 
1 7 41 42 5 35 36 37 39 
1 5 41 42 5 6 39 
1 6 41 16 7 8 9 39 
1 4 41 16 18 39 
1 4 41 16 24 39 
1 6 41 16 35 36 37 39 
1 6 41 42 23 8 9 39 
1 6 41 42 23 36 37 39 
1 7 41 42 32 7 8 9 39 
1 6 41 42 43 33 18 39 
1 5 41 42 32 24 39 
1 8 41 42 43 33 35 36 37 39 
1 6 41 42 44 8 9 39 
1 5 41 42 44 18 39 
1 5 41 42 44 24 39 
1 7 41 42 44 35 36 37 39 
1 7 41 42 43 45 36 37 39 
1 8 41 42 43 44 35 36 37 39 
1 6 41 43 44 45 37 39 
1 5 41 42 44 45 39 
1 4 30 4 17 9 
1 4 30 4 17 47 
1 4 30 4 34 47 
1 5 30 31 5 46 47 
1 5 30 5 6 46 47 
1 5 30 31 6 46 47 
1 4 30 31 17 47 
1 5 30 31 33 46 47 
1 5 30 44 45 46 47 
1 5 30 31 32 46 47 
1 5 30 31 44 46 47 
1 5 30 31 44 45 47 
1 3 30 4 52 
1 3 30 31 52 
1 4 30 23 24 37 
1 4 30 16 24 10 
1 4 30 4 17 25 
1 5 30 4 5 24 25 
1 5 30 4 5 6 25 
1 5 30 4 34 35 25 
1 5 30 16 7 8 25 
1 4 30 16 35 25 
1 4 30 16 46 25 
1 5 30 31 23 8 25 
1 5 30 32 7 8 25 
1 5 30 31 6 24 25 
1 4 30 31 17 25 
1 5 30 31 32 34 25 
1 5 30 32 33 34 25 
1 5 30 31 32 24 25 
1 5 30 32 34 35 25 
1 5 30 43 7 8 25 
1 5 30 43 44 24 25 
1 5 30 43 34 35 25 
1 6 30 4 6 7 8 12 
1 4 30 4 5 12 
1 5 30 4 17 18 12 
1 5 30 31 5 24 12 
1 6 30 4 34 35 36 12 
1 5 30 16 7 8 12 
1 4 30 16 24 12 
1 5 30 16 35 36 12 
1 4 30 16 46 12 
1 5 30 31 23 8 12 
1 5 30 31 23 18 12 
1 5 30 31 23 36 12 
1 6 30 31 32 33 34 12 
1 5 30 31 33 18 12 
1 5 30 31 17 18 12 
1 4 30 32 18 12 
1 4 30 32 24 12 
1 4 30 32 46 12 
1 5 30 31 44 18 12 
1 5 30 31 44 24 12 
1 6 30 31 5 7 8 19 
1 6 30 31 5 6 18 19 
1 5 30 4 5 6 19 
1 5 30 4 34 18 19 
1 5 30 4 45 18 19 
1 5 30 16 7 8 19 
1 4 30 16 35 19 
1 4 30 16 46 19 
1 5 30 31 23 8 19 
1 5 30 31 23 18 19 
1 5 30 32 7 8 19 
1 5 30 32 33 18 19 
1 6 30 31 32 33 18 19 
1 5 30 32 33 34 19 
1 6 30 31 32 33 34 19 
1 5 30 32 34 18 19 
1 6 30 31 32 34 35 19 
1 6 30 31 32 34 18 19 
1 4 30 32 46 19 
1 5 30 31 45 18 19 
1 5 30 43 7 8 19 
1 5 30 43 44 18 19 
1 5 30 43 34 18 19 
1 5 30 43 45 18 19 
1 6 30 4 5 46 47 48 
1 6 30 31 5 6 47 48 
1 6 30 16 7 8 9 48 
1 4 30 16 18 48 
1 4 30 16 24 48 
1 5 30 16 35 36 48 
1 4 30 16 46 48 
1 6 30 31 23 8 9 48 
1 5 30 31 23 36 48 
1 5 30 31 23 47 48 
1 5 30 31 33 18 48 
1 4 30 32 24 48 
1 6 30 32 34 35 36 48 
1 6 30 31 32 34 47 48 
1 4 30 32 46 48 
1 6 30 31 32 46 47 48 
1 6 30 31 32 33 47 48 
1 4 30 31 46 48 
1 5 30 31 44 18 48 
1 6 30 43 34 35 36 48 
1 6 30 43 44 46 47 48 
1 6 30 31 44 45 47 48 
1 8 30 4 5 7 8 9 10 11 
1 8 30 31 5 6 8 9 10 11 
1 6 30 4 5 6 10 11 
1 7 30 31 32 6 18 10 11 
1 6 30 31 5 24 10 11 
1 7 30 31 5 46 9 10 11 
1 5 30 16 24 10 11 
1 6 30 16 46 9 10 11 
1 6 30 31 23 18 10 11 
1 6 30 31 23 36 37 11 
1 5 30 31 23 47 11 
1 6 30 32 7 8 9 11 
1 6 30 31 33 8 9 11 
1 6 30 32 33 8 9 11 
1 7 30 31 32 7 9 10 11 
1 7 30 31 32 33 8 10 11 
1 7 30 31 33 34 9 10 11 
1 8 30 31 32 7 8 9 10 11 
1 8 30 31 32 33 8 9 10 11 
1 8 30 31 32 33 34 9 10 11 
1 7 30 32 33 34 36 10 11 
1 8 30 31 32 33 35 36 10 11 
1 8 30 31 32 33 35 9 10 11 
1 8 30 31 32 33 34 36 10 11 
1 6 30 43 7 8 9 11 
1 7 30 31 44 8 9 10 11 
1 7 30 31 32 45 9 10 11 
1 7 30 43 44 45 9 10 11 
1 6 30 31 44 24 10 11 
1 7 30 31 44 46 9 10 11 
1 6 30 31 32 6 18 26 
1 6 30 4 5 24 25 26 
1 4 30 16 18 26 
1 4 30 16 24 26 
1 5 30 31 23 18 26 
1 7 30 31 32 7 8 25 26 
1 7 30 31 32 33 8 25 26 
1 6 30 32 33 34 10 26 
1 5 30 31 33 18 26 
1 4 30 32 24 26 
1 5 30 31 32 24 26 
1 6 30 31 32 24 25 26 
1 7 30 31 32 33 34 25 26 
1 7 30 31 32 33 35 25 26 
1 6 30 31 32 34 37 26 
1 5 30 31 46 47 26 
1 5 30 31 44 18 26 
1 6 30 43 44 24 25 26 
1 7 30 31 5 7 8 9 39 
1 6 30 31 32 6 18 39 
1 5 30 31 5 24 39 
1 7 30 31 5 35 36 37 39 
1 5 30 31 5 6 39 
1 6 30 16 7 8 9 39 
1 4 30 16 18 39 
1 4 30 16 24 39 
1 6 30 31 23 8 9 39 
1 6 30 32 7 8 9 39 
1 6 30 31 33 8 9 39 
1 6 30 31 33 34 9 39 
1 5 30 31 33 18 39 
1 4 30 32 24 39 
1 8 30 31 32 33 35 36 37 39 
1 6 30 32 33 36 37 39 
1 6 30 31 33 34 37 39 
1 5 30 31 32 34 39 
1 5 30 32 33 34 39 
1 6 30 31 32 33 34 39 
1 6 30 43 7 8 9 39 
1 5 30 31 44 18 39 
1 5 30 31 44 24 39 
1 5 30 31 44 45 39 
1 6 30 31 44 46 47 39 
1 4 3 4 17 47 
1 4 3 4 23 47 
1 4 3 32 7 47 
1 3 3 4 52 
1 4 3 23 24 37 
1 5 3 5 7 8 25 
1 5 3 5 6 8 25 
1 6 3 4 6 7 8 25 
1 5 3 4 6 24 25 
1 5 3 4 5 24 25 
1 6 3 4 5 6 7 25 
1 5 3 4 23 8 25 
1 5 3 32 7 8 25 
1 5 3 32 34 35 25 
1 5 3 43 7 8 25 
1 5 3 43 44 24 25 
1 6 3 4 5 6 46 25 
1 6 3 4 5 45 46 25 
1 5 3 43 34 35 25 
1 5 3 43 45 46 25 
1 5 3 5 7 8 12 
1 5 3 4 5 8 12 
1 5 3 4 6 7 12 
1 5 3 4 6 18 12 
1 5 3 4 17 18 12 
1 4 3 5 18 12 
1 5 3 4 23 18 12 
1 5 3 4 23 36 12 
1 5 3 32 7 8 12 
1 5 3 4 33 18 12 
1 6 3 32 34 35 36 12 
1 5 3 43 7 8 12 
1 6 3 4 5 6 46 12 
1 6 3 4 5 45 46 12 
1 6 3 4 44 45 46 12 
1 6 3 43 44 45 46 12 
1 5 3 4 44 18 12 
1 5 3 4 44 24 12 
1 6 3 43 34 35 36 12 
1 5 3 5 7 8 19 
1 5 3 5 6 18 19 
1 6 3 4 5 6 18 19 
1 5 3 4 6 7 19 
1 6 3 4 5 6 7 19 
1 4 3 5 35 19 
1 5 3 4 34 35 19 
1 5 3 4 5 35 19 
1 5 3 4 34 18 19 
1 4 3 5 46 19 
1 5 3 4 45 18 19 
1 5 3 4 23 8 19 
1 5 3 4 23 18 19 
1 5 3 32 7 8 19 
1 5 3 32 33 18 19 
1 5 3 4 33 34 19 
1 5 3 32 34 18 19 
1 4 3 32 46 19 
1 5 3 43 7 8 19 
1 6 3 4 5 6 46 19 
1 6 3 4 5 45 46 19 
1 6 3 4 44 45 46 19 
1 6 3 43 44 45 46 19 
1 5 3 43 34 18 19 
1 5 3 43 45 18 19 
1 5 3 4 7 47 48 
1 5 3 4 6 18 48 
1 5 3 4 34 47 48 
1 5 3 4 6 47 48 
1 6 3 4 5 6 7 48 
1 5 3 4 17 9 48 
1 5 3 4 23 47 48 
1 5 3 4 33 18 48 
1 6 3 4 5 6 35 48 
1 6 3 4 5 34 35 48 
1 6 3 4 33 34 35 48 
1 6 3 32 33 34 35 48 
1 5 3 4 33 47 48 
1 5 3 4 44 18 48 
1 5 3 4 44 24 48 
1 6 3 4 5 6 46 48 
1 7 3 4 6 7 9 10 11 
1 6 3 5 6 9 10 11 
1 6 3 5 6 7 10 11 
1 6 3 4 35 36 10 11 
1 6 3 4 23 18 10 11 
1 6 3 4 23 36 37 11 
1 7 3 32 33 34 35 10 11 
1 7 3 4 5 45 9 10 11 
1 6 3 4 44 24 10 11 
1 7 3 4 44 46 9 10 11 
1 7 3 5 7 8 9 10 26 
1 7 3 4 5 7 9 10 26 
1 5 3 4 6 18 26 
1 4 3 5 24 26 
1 6 3 4 5 24 25 26 
1 6 3 5 35 36 37 26 
1 6 3 4 6 36 37 26 
1 7 3 4 5 35 36 37 26 
1 7 3 4 5 6 36 37 26 
1 5 3 5 46 25 26 
1 5 3 4 46 47 26 
1 6 3 4 17 9 10 26 
1 5 3 4 23 18 26 
1 6 3 4 23 36 37 26 
1 7 3 32 7 8 9 10 26 
1 5 3 4 33 18 26 
1 4 3 32 24 26 
1 7 3 4 33 35 36 37 26 
1 5 3 32 46 25 26 
1 7 3 43 7 8 9 10 26 
1 5 3 4 44 18 26 
1 6 3 43 44 24 25 26 
1 7 3 4 5 45 46 25 26 
1 7 3 43 44 45 46 25 26 
1 7 3 4 44 35 36 37 26 
1 6 3 4 44 46 25 26 
1 6 3 5 7 8 9 39 
1 5 3 4 6 18 39 
1 6 3 5 35 36 37 39 
1 6 3 4 5 7 37 39 
1 6 3 4 5 6 37 39 
1 5 3 4 6 7 39 
1 5 3 4 17 37 39 
1 6 3 4 23 8 9 39 
1 5 3 4 23 18 39 
1 6 3 4 23 36 37 39 
1 6 3 32 7 8 9 39 
1 5 3 4 33 18 39 
1 6 3 4 5 6 35 39 
1 6 3 4 5 34 35 39 
1 6 3 4 33 34 35 39 
1 6 3 32 33 34 35 39 
1 6 3 43 7 8 9 39 
1 5 3 4 44 18 39 
1 6 3 43 44 45 46 39 
1 6 3 4 44 46 47 39 
1 3 22 17 47 
1 2 22 52 
1 4 22 6 8 25 
1 5 22 6 7 8 25 
1 3 22 17 25 
1 3 22 24 25 
1 4 22 45 46 25 
1 4 22 33 8 25 
1 4 22 33 35 25 
1 4 22 6 18 12 
1 4 22 6 36 12 
1 5 22 34 35 36 12 
1 4 22 23 35 12 
1 5 22 33 34 35 12 
1 4 22 33 18 12 
1 5 22 33 35 36 12 
1 4 22 45 36 12 
1 3 22 17 19 
1 4 22 23 18 19 
1 4 22 34 18 19 
1 4 22 45 46 19 
1 4 22 45 18 19 
1 4 22 6 18 48 
1 4 22 6 36 48 
1 4 22 17 9 48 
1 3 22 17 48 
1 4 22 7 47 48 
1 4 22 34 47 48 
1 4 22 23 47 48 
1 4 22 46 47 48 
1 4 22 33 18 48 
1 4 22 23 35 48 
1 5 22 33 34 35 48 
1 4 22 45 9 48 
1 4 22 45 36 48 
1 5 22 6 8 9 11 
1 5 22 17 9 10 11 
1 4 22 17 37 11 
1 5 22 33 8 9 11 
1 5 22 23 35 10 11 
1 4 22 45 9 11 
1 4 22 6 18 26 
1 4 22 6 47 26 
1 4 22 17 37 26 
1 5 22 23 8 25 26 
1 4 22 23 18 26 
1 4 22 46 47 26 
1 4 22 33 18 26 
1 6 22 33 35 36 37 26 
1 4 22 33 47 26 
1 4 22 45 47 26 
1 4 22 6 18 39 
1 4 22 17 9 39 
1 3 22 17 39 
1 4 22 33 18 39 
1 6 22 33 35 36 37 39 
1 4 22 23 35 39 
1 4 42 43 17 9 
1 4 42 32 7 47 
1 4 42 6 46 47 
1 4 42 33 46 47 
1 4 42 44 46 47 
1 2 42 52 
1 4 42 23 24 37 
1 4 42 23 36 10 
1 5 42 5 6 7 25 
1 4 42 32 24 25 
1 5 42 32 34 35 25 
1 4 42 44 8 25 
1 5 42 6 7 8 25 
1 4 42 6 24 25 
1 3 42 17 25 
1 4 42 44 24 25 
1 5 42 43 44 24 25 
1 5 42 5 7 8 12 
1 5 42 43 6 7 12 
1 5 42 43 6 18 12 
1 5 42 32 7 8 12 
1 5 42 43 33 18 12 
1 6 42 32 34 35 36 12 
1 4 42 32 46 12 
1 6 42 43 44 45 46 12 
1 4 42 44 18 12 
1 4 42 17 18 12 
1 5 42 5 7 8 19 
1 5 42 5 6 18 19 
1 5 42 43 6 7 19 
1 4 42 5 35 19 
1 4 42 5 46 19 
1 5 42 32 7 8 19 
1 5 42 32 33 18 19 
1 5 42 32 33 34 19 
1 5 42 32 34 18 19 
1 4 42 32 46 19 
1 4 42 44 8 19 
1 6 42 43 44 45 46 19 
1 5 42 43 44 18 19 
1 4 42 44 35 19 
1 5 42 43 34 35 19 
1 5 42 43 34 18 19 
1 4 42 44 46 19 
1 5 42 43 45 18 19 
1 5 42 43 6 18 48 
1 5 42 43 6 47 48 
1 4 42 23 18 48 
1 4 42 23 36 48 
1 5 42 43 33 18 48 
1 6 42 43 44 34 35 48 
1 6 42 43 33 34 35 48 
1 6 42 32 33 34 35 48 
1 4 42 32 46 48 
1 5 42 43 33 47 48 
1 4 42 7 47 48 
1 5 42 43 34 47 48 
1 5 42 43 45 47 48 
1 7 42 43 6 8 9 10 11 
1 6 42 43 17 9 10 11 
1 5 42 23 8 9 11 
1 7 42 43 44 45 35 10 11 
1 7 42 43 44 34 35 10 11 
1 7 42 43 33 34 35 10 11 
1 7 42 32 33 34 35 10 11 
1 6 42 32 33 9 10 11 
1 5 42 44 8 9 11 
1 5 42 44 8 10 11 
1 6 42 44 45 9 10 11 
1 6 42 43 45 46 10 11 
1 5 42 43 44 46 11 
1 7 42 5 7 8 9 10 26 
1 5 42 43 6 18 26 
1 4 42 5 24 26 
1 6 42 43 6 7 25 26 
1 6 42 5 35 36 37 26 
1 5 42 5 46 25 26 
1 6 42 23 8 9 10 26 
1 4 42 23 18 26 
1 4 42 23 47 26 
1 7 42 32 7 8 9 10 26 
1 5 42 43 33 18 26 
1 4 42 32 24 26 
1 5 42 32 46 25 26 
1 7 42 43 7 8 9 10 26 
1 6 42 43 7 8 25 26 
1 7 42 43 44 45 9 10 26 
1 4 42 44 24 26 
1 6 42 43 44 24 25 26 
1 7 42 43 44 45 46 25 26 
1 6 42 44 35 36 37 26 
1 5 42 43 45 37 26 
1 5 42 44 46 25 26 
1 5 42 43 46 47 26 
1 6 42 5 7 8 9 39 
1 5 42 43 6 18 39 
1 6 42 5 35 36 37 39 
1 5 42 43 6 7 39 
1 6 42 32 7 8 9 39 
1 5 42 43 33 18 39 
1 6 42 43 44 34 35 39 
1 6 42 43 33 34 35 39 
1 6 42 32 33 34 35 39 
1 5 42 44 8 9 39 
1 5 42 43 44 9 39 
1 4 42 44 18 39 
1 6 42 44 35 36 37 39 
1 5 42 43 45 37 39 
1 5 42 43 45 46 39 
1 4 31 32 17 9 
1 4 31 5 7 47 
1 4 31 32 6 47 
1 4 31 33 46 47 
1 4 31 32 46 47 
1 4 31 32 45 47 
1 2 31 52 
1 4 31 23 36 10 
1 5 31 5 7 8 25 
1 4 31 32 17 25 
1 5 31 6 7 8 25 
1 4 31 6 24 25 
1 4 31 32 24 25 
1 5 31 32 33 46 25 
1 5 31 5 7 8 12 
1 5 31 32 6 7 12 
1 5 31 32 6 18 12 
1 4 31 5 24 12 
1 4 31 5 46 12 
1 4 31 23 8 12 
1 5 31 32 34 35 12 
1 4 31 33 18 12 
1 4 31 17 18 12 
1 4 31 44 18 12 
1 5 31 5 7 8 19 
1 5 31 5 6 18 19 
1 5 31 5 6 7 19 
1 4 31 5 35 19 
1 4 31 5 46 19 
1 4 31 33 8 19 
1 5 31 32 33 18 19 
1 4 31 33 34 19 
1 5 31 32 33 34 19 
1 4 31 33 35 19 
1 5 31 32 34 35 19 
1 5 31 32 34 18 19 
1 4 31 44 8 19 
1 4 31 44 35 19 
1 4 31 44 46 19 
1 5 31 32 6 18 48 
1 5 31 32 6 47 48 
1 4 31 5 6 48 
1 4 31 23 18 48 
1 4 31 23 36 48 
1 5 31 32 34 47 48 
1 6 31 32 33 34 35 48 
1 5 31 32 33 47 48 
1 4 31 33 34 48 
1 5 31 32 45 47 48 
1 6 31 32 17 9 10 11 
1 5 31 23 8 9 11 
1 5 31 33 8 9 11 
1 6 31 33 34 9 10 11 
1 6 31 32 34 35 10 11 
1 7 31 32 33 34 35 10 11 
1 5 31 33 34 35 11 
1 7 31 32 33 35 36 10 11 
1 4 31 33 47 11 
1 5 31 44 8 9 11 
1 5 31 44 45 9 11 
1 6 31 32 33 46 10 11 
1 5 31 32 45 46 11 
1 7 31 5 7 8 9 10 26 
1 5 31 32 6 18 26 
1 4 31 5 24 26 
1 6 31 32 33 7 25 26 
1 6 31 5 35 36 37 26 
1 5 31 5 46 25 26 
1 6 31 23 8 9 10 26 
1 4 31 23 18 26 
1 4 31 23 47 26 
1 6 31 33 8 9 10 26 
1 7 31 32 7 8 9 10 26 
1 6 31 32 33 8 25 26 
1 7 31 32 33 34 9 10 26 
1 7 31 32 33 34 35 10 26 
1 4 31 32 24 26 
1 6 31 33 35 36 37 26 
1 4 31 33 47 26 
1 4 31 46 47 26 
1 6 31 44 8 9 10 26 
1 4 31 44 24 26 
1 6 31 44 35 36 37 26 
1 5 31 44 46 25 26 
1 6 31 5 7 8 9 39 
1 5 31 32 6 18 39 
1 6 31 5 35 36 37 39 
1 5 31 32 6 7 39 
1 5 31 33 8 9 39 
1 4 31 33 18 39 
1 6 31 33 35 36 37 39 
1 5 31 32 34 35 39 
1 6 31 32 33 34 35 39 
1 5 31 44 8 9 39 
1 4 31 44 18 39 
1 6 31 44 35 36 37 39 
1 5 31 32 45 46 39 
1 4 4 45 46 47 
1 2 4 52 
1 4 4 17 9 10 
1 4 4 23 18 10 
1 4 4 6 8 25 
1 4 4 6 24 25 
1 4 4 7 8 25 
1 3 4 17 25 
1 4 4 6 7 25 
1 4 4 5 24 25 
1 4 4 44 8 25 
1 5 4 44 45 46 25 
1 4 4 44 35 25 
1 4 4 44 46 25 
1 5 4 5 7 8 12 
1 4 4 6 18 12 
1 4 4 6 36 12 
1 4 4 17 18 12 
1 5 4 5 6 24 12 
1 4 4 23 24 12 
1 4 4 23 36 12 
1 5 4 5 34 35 12 
1 4 4 33 18 12 
1 5 4 33 35 36 12 
1 5 4 5 45 46 12 
1 4 4 44 18 12 
1 5 4 44 35 36 12 
1 4 4 6 8 19 
1 5 4 5 6 18 19 
1 4 4 6 7 19 
1 5 4 5 6 7 19 
1 4 4 34 35 19 
1 4 4 34 18 19 
1 4 4 45 18 19 
1 4 4 33 8 19 
1 4 4 5 34 19 
1 4 4 33 35 19 
1 4 4 44 8 19 
1 5 4 5 45 46 19 
1 4 4 44 45 19 
1 4 4 44 35 19 
1 4 4 44 46 19 
1 6 4 5 7 8 9 48 
1 6 4 5 6 7 9 48 
1 4 4 6 36 48 
1 6 4 5 6 7 8 48 
1 5 4 5 46 47 48 
1 5 4 5 6 47 48 
1 4 4 17 18 48 
1 5 4 23 8 9 48 
1 4 4 23 18 48 
1 4 4 23 36 48 
1 5 4 5 6 24 48 
1 4 4 23 24 48 
1 4 4 44 46 48 
1 5 4 5 45 47 48 
1 4 4 44 45 48 
1 5 4 6 8 9 11 
1 5 4 5 7 9 11 
1 5 4 6 7 9 11 
1 5 4 7 8 9 11 
1 5 4 35 36 10 11 
1 4 4 6 47 11 
1 4 4 17 9 11 
1 5 4 23 8 9 11 
1 6 4 5 6 24 10 11 
1 5 4 23 24 10 11 
1 5 4 33 8 9 11 
1 5 4 33 34 10 11 
1 5 4 5 34 35 11 
1 4 4 33 47 11 
1 5 4 44 8 9 11 
1 6 4 5 45 9 10 11 
1 6 4 44 45 46 10 11 
1 5 4 5 45 46 11 
1 6 4 44 46 9 10 11 
1 7 4 5 7 8 9 10 26 
1 7 4 5 6 7 9 10 26 
1 5 4 6 36 37 26 
1 6 4 5 35 36 37 26 
1 6 4 5 6 36 37 26 
1 4 4 6 47 26 
1 5 4 5 6 47 26 
1 5 4 5 6 18 26 
1 4 4 17 37 26 
1 4 4 23 18 26 
1 4 4 23 47 26 
1 6 4 33 35 36 37 26 
1 4 4 33 47 26 
1 4 4 44 24 26 
1 6 4 5 6 46 25 26 
1 6 4 44 35 36 37 26 
1 5 4 6 8 9 39 
1 5 4 5 7 9 39 
1 6 4 5 6 7 9 39 
1 4 4 6 18 39 
1 5 4 6 36 37 39 
1 6 4 5 35 36 37 39 
1 5 4 5 7 8 39 
1 4 4 17 9 39 
1 4 4 17 37 39 
1 4 4 17 18 39 
1 4 4 23 24 39 
1 5 4 33 8 9 39 
1 4 4 33 18 39 
1 6 4 33 35 36 37 39 
1 5 4 44 8 9 39 
1 4 4 44 18 39 
1 6 4 44 35 36 37 39 
1 5 4 5 45 46 39 
1 4 16 7 8 25 
1 3 16 24 25 
1 3 16 17 25 
1 4 16 45 46 25 
1 3 16 24 12 
1 3 16 46 12 
1 4 16 34 36 12 
1 4 16 45 36 12 
1 3 16 17 19 
1 3 16 18 19 
1 4 16 45 46 19 
1 4 16 7 9 48 
1 4 16 7 47 48 
1 4 16 35 36 48 
1 4 16 46 47 48 
1 4 16 34 36 48 
1 4 16 45 9 48 
1 4 16 45 36 48 
1 6 16 7 8 9 10 11 
1 5 16 17 9 10 11 
1 4 16 17 18 11 
1 4 16 7 37 26 
1 6 16 7 8 9 10 26 
1 4 16 17 18 26 
1 4 16 46 47 26 
1 4 16 24 10 26 
1 4 16 17 36 26 
1 4 16 45 47 26 
1 4 16 7 37 39 
1 3 16 24 39 
1 4 43 44 46 47 
1 4 43 44 45 47 
1 4 43 33 34 25 
1 4 43 44 24 25 
1 5 43 44 7 8 12 
1 4 43 6 18 12 
1 4 43 17 18 12 
1 5 43 44 34 35 12 
1 4 43 33 18 12 
1 4 43 45 46 12 
1 4 43 45 36 12 
1 4 43 6 8 19 
1 4 43 44 7 19 
1 3 43 17 19 
1 4 43 33 8 19 
1 4 43 44 34 19 
1 4 43 33 35 19 
1 4 43 45 46 19 
1 4 43 44 18 19 
1 4 43 34 35 19 
1 4 43 34 18 19 
1 4 43 45 18 19 
1 4 43 17 18 48 
1 4 43 45 9 48 
1 4 43 44 9 48 
1 4 43 45 36 48 
1 5 43 44 45 47 48 
1 4 43 45 46 48 
1 5 43 6 8 9 11 
1 6 43 44 7 9 10 11 
1 5 43 44 45 8 11 
1 5 43 6 7 8 11 
1 4 43 6 47 11 
1 5 43 33 8 9 11 
1 6 43 44 34 9 10 11 
1 6 43 44 45 35 10 11 
1 6 43 44 45 46 36 11 
1 4 43 33 47 11 
1 5 43 44 8 9 11 
1 5 43 44 45 9 11 
1 6 43 44 8 9 10 11 
1 6 43 44 45 9 10 11 
1 6 43 44 45 46 10 11 
1 6 43 44 35 9 10 11 
1 4 43 45 47 11 
1 4 43 46 47 11 
1 6 43 6 8 9 10 26 
1 5 43 6 7 25 26 
1 5 43 6 36 37 26 
1 4 43 6 47 26 
1 5 43 44 45 18 26 
1 4 43 17 37 26 
1 6 43 33 35 36 37 26 
1 4 43 33 47 26 
1 5 43 45 9 10 26 
1 6 43 7 8 9 10 26 
1 4 43 44 24 26 
1 5 43 45 46 25 26 
1 5 43 45 36 37 26 
1 6 43 44 35 36 37 26 
1 6 43 44 45 36 37 26 
1 4 43 45 47 26 
1 5 43 44 45 47 26 
1 5 43 6 8 9 39 
1 4 43 6 18 39 
1 5 43 6 36 37 39 
1 5 43 44 7 8 39 
1 4 43 17 37 39 
1 4 43 17 18 39 
1 5 43 33 8 9 39 
1 4 43 33 18 39 
1 6 43 33 35 36 37 39 
1 6 43 44 45 35 36 39 
1 4 43 44 18 39 
1 5 43 45 36 37 39 
1 6 43 44 35 36 37 39 
1 5 43 44 45 46 39 
1 3 32 17 25 
1 5 32 33 7 8 12 
1 4 32 6 7 12 
1 4 32 6 18 12 
1 4 32 17 18 12 
1 5 32 33 34 35 12 
1 4 32 33 18 12 
1 4 32 45 46 12 
1 4 32 45 36 12 
1 4 32 6 8 19 
1 4 32 33 7 19 
1 4 32 7 8 19 
1 4 32 33 18 19 
1 4 32 33 34 19 
1 4 32 34 35 19 
1 4 32 34 18 19 
1 3 32 35 19 
1 4 32 45 46 19 
1 4 32 17 18 48 
1 4 32 34 9 48 
1 4 32 34 47 48 
1 4 32 34 35 48 
1 4 32 46 47 48 
1 4 32 33 47 48 
1 4 32 45 9 48 
1 4 32 45 36 48 
1 5 32 6 8 9 11 
1 5 32 6 7 9 11 
1 4 32 6 47 11 
1 5 32 7 8 10 11 
1 5 32 33 8 9 11 
1 5 32 33 34 9 11 
1 5 32 34 35 10 11 
1 6 32 33 8 9 10 11 
1 6 32 33 34 9 10 11 
1 6 32 33 35 9 10 11 
1 6 32 33 34 36 10 11 
1 4 32 46 47 11 
1 4 32 45 47 11 
1 6 32 6 8 9 10 26 
1 5 32 6 7 25 26 
1 5 32 6 36 37 26 
1 4 32 6 47 26 
1 5 32 33 34 18 26 
1 4 32 17 37 26 
1 5 32 34 9 10 26 
1 6 32 7 8 9 10 26 
1 5 32 7 8 25 26 
1 5 32 34 35 36 26 
1 5 32 34 36 37 26 
1 6 32 33 35 36 37 26 
1 6 32 33 34 36 37 26 
1 6 32 33 34 35 37 26 
1 5 32 45 9 10 26 
1 5 32 45 46 25 26 
1 5 32 45 36 37 26 
1 4 32 45 47 26 
1 5 32 6 8 9 39 
1 4 32 6 18 39 
1 5 32 6 36 37 39 
1 5 32 33 7 8 39 
1 4 32 17 37 39 
1 4 32 17 18 39 
1 4 32 33 18 39 
1 5 32 34 36 37 39 
1 6 32 33 35 36 37 39 
1 5 32 45 36 37 39 
1 5 5 6 7 8 12 
1 4 5 6 24 12 
1 4 5 45 46 12 
1 4 5 45 36 12 
1 4 5 6 7 19 
1 3 5 35 19 
1 4 5 6 46 19 
1 3 5 45 19 
1 4 5 7 9 48 
1 4 5 7 8 48 
1 4 5 6 47 48 
1 4 5 46 47 48 
1 4 5 34 9 48 
1 4 5 34 35 48 
1 4 5 45 9 48 
1 4 5 45 36 48 
1 5 5 6 8 9 11 
1 5 5 6 7 9 11 
1 5 5 7 8 10 11 
1 5 5 7 8 9 11 
1 6 5 6 8 9 10 11 
1 6 5 7 8 9 10 11 
1 4 5 7 37 11 
1 4 5 46 47 11 
1 5 5 6 35 10 11 
1 5 5 6 7 36 11 
1 4 5 45 47 11 
1 5 5 7 9 10 26 
1 5 5 6 8 10 26 
1 6 5 6 8 9 10 26 
1 6 5 6 7 9 10 26 
1 6 5 7 8 9 10 26 
1 5 5 6 7 25 26 
1 5 5 6 36 37 26 
1 5 5 35 36 37 26 
1 5 5 34 9 10 26 
1 5 5 6 7 36 26 
1 5 5 34 36 37 26 
1 5 5 45 9 10 26 
1 5 5 45 46 25 26 
1 5 5 6 46 47 26 
1 5 5 45 36 37 26 
1 4 5 45 47 26 
1 4 5 6 18 39 
1 5 5 35 36 37 39 
1 5 5 6 7 9 39 
1 5 5 7 8 9 39 
1 6 5 6 7 8 9 39 
1 5 5 34 36 37 39 
1 5 5 6 35 36 39 
1 5 5 45 36 37 39 
1 4 23 8 9 10 
1 3 23 18 12 
1 3 23 36 12 
1 3 23 8 19 
1 3 23 18 19 
1 3 23 24 48 
1 3 23 47 48 
1 4 23 8 10 11 
1 4 23 8 9 11 
1 4 23 36 10 11 
1 3 23 47 11 
1 4 23 35 37 11 
1 4 23 8 10 26 
1 4 23 24 10 26 
1 3 23 24 26 
1 4 23 36 37 26 
1 4 23 35 10 26 
1 4 23 35 37 26 
1 3 23 47 39 
1 4 44 45 18 12 
1 4 44 45 46 12 
1 3 44 24 12 
1 4 44 45 46 19 
1 3 44 18 19 
1 3 44 46 19 
1 4 44 7 9 48 
1 4 44 7 8 48 
1 3 44 24 48 
1 4 44 34 9 48 
1 4 44 34 35 48 
1 4 44 45 47 48 
1 4 44 46 47 48 
1 4 44 45 46 48 
1 5 44 45 8 10 11 
1 5 44 45 46 9 11 
1 5 44 7 8 9 11 
1 4 44 24 10 11 
1 5 44 45 35 10 11 
1 5 44 45 46 36 11 
1 5 44 8 9 10 11 
1 4 44 18 10 11 
1 4 44 46 37 11 
1 5 44 35 9 10 11 
1 5 44 7 9 10 26 
1 4 44 24 10 26 
1 5 44 34 9 10 26 
1 5 44 45 46 36 26 
1 5 44 34 36 37 26 
1 5 44 45 46 25 26 
1 4 44 46 47 26 
1 5 44 45 46 47 26 
1 5 44 45 46 9 39 
1 5 44 7 8 9 39 
1 3 44 24 39 
1 5 44 34 36 37 39 
1 5 44 45 35 36 39 
1 5 44 35 36 37 39 
1 3 33 24 12 
1 3 33 7 19 
1 3 33 18 19 
1 4 33 7 9 48 
1 4 33 7 8 48 
1 4 33 8 9 48 
1 4 33 34 35 48 
1 3 33 47 48 
1 5 33 34 8 10 11 
1 5 33 34 35 9 11 
1 4 33 24 10 11 
1 5 33 8 9 10 11 
1 5 33 34 9 10 11 
1 5 33 34 35 10 11 
1 5 33 34 35 36 11 
1 5 33 35 36 37 11 
1 4 33 46 37 11 
1 5 33 7 9 10 26 
1 4 33 24 10 26 
1 5 33 8 9 10 26 
1 5 33 34 9 10 26 
1 5 33 34 35 37 26 
1 5 33 35 36 37 26 
1 4 33 34 47 26 
1 5 33 34 35 9 39 
1 5 33 7 8 9 39 
1 4 33 34 18 39 
1 5 33 35 36 37 39 
1 5 33 34 35 36 39 
1 4 6 7 8 12 
1 3 6 24 12 
1 3 6 18 19 
1 3 6 7 19 
1 4 6 8 9 48 
1 4 6 7 8 48 
1 3 6 47 48 
1 5 6 7 8 10 11 
1 5 6 7 8 9 11 
1 4 6 24 10 11 
1 4 6 35 37 11 
1 4 6 46 37 11 
1 5 6 7 9 10 26 
1 5 6 7 8 10 26 
1 5 6 8 9 10 26 
1 4 6 24 10 26 
1 4 6 7 47 26 
1 5 6 7 8 9 39 
1 3 6 24 39 
1 4 6 35 36 39 
1 2 52 11 
1 2 52 26 
1 2 52 39 
1 3 17 18 12 
1 2 17 19 
1 3 17 9 11 
1 3 17 18 11 
1 4 17 9 10 26 
1 3 17 18 26 
1 3 17 47 26 
1 3 17 9 39 
1 3 17 37 39 
1 3 17 18 39 
1 3 17 47 39 
1 3 45 46 19 
1 3 45 47 48 
1 4 45 35 37 11 
1 4 45 36 37 11 
1 4 45 46 47 26 
1 4 45 8 9 39 
1 4 45 35 36 39 
1 4 34 36 37 11 
1 5 34 8 10 11 38 
1 4 34 8 12 38 
1 5 34 35 9 26 38 
1 5 34 35 9 10 38 
1 4 34 8 9 38 
1 5 34 35 9 39 38 
1 4 34 8 48 38 
1 4 34 18 11 38 
1 4 34 18 12 38 
1 4 34 18 26 38 
1 4 34 35 19 38 
1 4 34 18 19 38 
1 4 34 18 39 38 
1 4 34 18 48 38 
1 4 34 36 11 38 
1 5 34 35 10 11 38 
1 4 34 35 12 38 
1 4 34 36 26 38 
1 5 34 35 36 26 38 
1 4 34 36 37 38 
1 5 34 35 36 37 38 
1 4 34 36 39 38 
1 5 34 35 36 39 38 
1 4 34 47 26 38 
1 4 34 47 48 38 
1 5 34 35 36 48 38 
1 4 34 47 39 38 
1 4 7 9 11 38 
1 4 7 8 12 38 
1 4 7 9 26 38 
1 5 7 8 10 11 38 
1 6 7 8 9 10 11 38 
1 4 7 9 10 38 
1 4 7 9 39 38 
1 5 7 8 9 39 38 
1 4 7 8 19 38 
1 6 7 8 9 10 26 38 
1 5 7 8 25 26 38 
1 4 7 36 11 38 
1 4 7 36 26 38 
1 4 7 36 37 38 
1 4 7 36 39 38 
1 4 7 47 26 38 
1 5 7 8 9 48 38 
1 4 7 47 39 38 
1 4 24 10 11 38 
1 3 24 12 38 
1 3 24 26 38 
1 4 24 25 26 38 
1 3 24 48 38 
1 3 24 39 38 
1 4 46 9 11 38 
1 4 46 9 26 38 
1 5 46 9 10 11 38 
1 4 46 9 39 38 
1 3 46 19 38 
1 4 46 25 26 38 
1 4 46 36 11 38 
1 4 46 36 26 38 
1 4 46 36 39 38 
1 3 46 12 38 
1 4 46 47 26 38 
1 4 46 47 48 38 
1 4 46 47 39 38 
1 3 46 48 38 
1 4 35 9 11 38 
1 4 35 9 26 38 
1 5 35 9 10 11 38 
1 4 35 36 10 38 
1 4 35 9 39 38 
1 3 35 19 38 
1 5 35 36 37 26 38 
1 3 35 12 38 
1 4 35 36 37 38 
1 3 35 48 38 
1 5 35 36 37 39 38 
1 3 8 12 38 
1 4 8 9 26 38 
1 4 8 10 11 38 
1 5 8 9 10 11 38 
1 3 8 48 38 
1 3 8 19 38 
1 4 8 25 26 38 
1 4 8 9 39 38 
1 4 18 10 11 38 
1 3 18 12 38 
1 3 18 26 38 
1 3 18 19 38 
1 3 18 39 38 
1 3 18 37 38 
1 3 18 48 38 
1 3 47 26 38 
1 3 47 48 38 
1 3 47 39 38 
1 4 36 37 11 38 
1 4 36 37 26 38 
1 3 36 37 38 
1 4 36 37 39 38 
1 3 9 11 38 
1 3 9 26 38 
1 4 9 10 11 38 
1 3 9 39 38 
1 3 25 26 38 
1 2 19 38 
1 3 37 26 38 
1 2 37 38 
1 3 37 39 38 
1 3 10 11 38 
1 2 12 38 
1 2 48 38 
1 2 11 38 
1 2 26 38 
1 2 39 38 
