203 2484 25
1 4 98 99 87 88 
1 5 98 99 179 180 181 
1 5 98 99 50 51 52 
1 6 98 99 149 150 151 152 
1 6 98 99 65 66 67 68 
1 6 98 99 100 101 6 7 
1 6 98 99 4 5 6 7 
1 5 98 99 87 88 89 
1 6 98 99 100 101 140 141 
1 6 98 99 138 139 140 141 
1 6 98 99 100 101 22 23 
1 6 98 99 20 21 22 23 
1 6 98 99 100 101 160 161 
1 6 98 99 100 101 81 82 
1 6 98 99 100 101 38 39 
1 6 98 99 100 101 182 183 
1 7 98 99 100 101 102 141 142 
1 7 98 99 100 101 140 141 142 
1 7 98 99 138 139 140 141 142 
1 7 98 99 100 101 102 53 54 
1 7 98 99 100 101 52 53 54 
1 7 98 99 50 51 52 53 54 
1 6 98 99 87 88 89 90 
1 6 98 99 100 101 89 90 
1 7 98 99 100 101 102 153 154 
1 7 98 99 100 101 152 153 154 
1 8 98 99 149 150 151 152 153 154 
1 8 98 99 65 66 67 68 69 70 
1 7 98 99 100 101 102 69 70 
1 7 98 99 100 101 68 69 70 
1 7 98 99 100 101 182 183 184 
1 8 98 99 100 101 6 7 8 9 
1 8 98 99 4 5 6 7 8 9 
1 7 98 99 100 101 102 8 9 
1 7 98 99 100 101 102 187 188 
1 8 98 99 100 101 102 141 142 143 
1 8 98 99 100 101 140 141 142 143 
1 8 98 99 138 139 140 141 142 143 
1 6 130 131 132 133 38 39 
1 6 130 131 132 133 123 124 
1 6 130 131 132 133 53 54 
1 6 130 131 132 133 89 90 
1 6 130 131 132 133 69 70 
1 6 130 131 132 133 104 105 
1 7 130 131 132 133 7 8 9 
1 7 130 131 132 133 123 124 125 
1 7 130 131 132 133 23 24 25 
1 7 130 131 132 133 89 90 91 
1 6 0 1 2 3 80 81 
1 6 0 1 2 3 159 160 
1 6 0 1 2 3 122 123 
1 6 0 1 2 3 88 89 
1 7 0 1 2 3 4 140 141 
1 7 0 1 2 3 139 140 141 
1 7 0 1 2 3 4 103 104 
1 7 0 1 2 3 159 160 161 
1 7 0 1 2 3 4 160 161 
1 7 0 1 2 3 80 81 82 
1 7 0 1 2 3 4 81 82 
1 7 0 1 2 3 4 182 183 
1 8 0 1 2 3 4 140 141 142 
1 8 0 1 2 3 4 5 141 142 
1 8 0 1 2 3 139 140 141 142 
1 7 0 1 2 3 122 123 124 
1 7 0 1 2 3 4 123 124 
1 7 0 1 2 3 88 89 90 
1 7 0 1 2 3 4 89 90 
1 8 0 1 2 3 4 5 153 154 
1 8 0 1 2 3 4 152 153 154 
1 8 0 1 2 3 4 103 104 105 
1 8 0 1 2 3 4 5 104 105 
1 8 0 1 2 3 4 182 183 184 
1 9 0 1 2 3 4 5 6 187 188 
1 9 0 1 2 3 4 140 141 142 143 
1 9 0 1 2 3 4 5 6 142 143 
1 9 0 1 2 3 4 5 141 142 143 
1 9 0 1 2 3 139 140 141 142 143 
1 8 0 1 2 3 122 123 124 125 
1 8 0 1 2 3 4 123 124 125 
1 8 0 1 2 3 4 5 124 125 
1 9 0 1 2 3 4 5 6 90 91 
1 8 0 1 2 3 88 89 90 91 
1 8 0 1 2 3 4 89 90 91 
1 9 0 1 2 3 159 160 161 162 163 
1 9 0 1 2 3 4 160 161 162 163 
1 9 0 1 2 3 4 5 6 162 163 
1 9 0 1 2 3 4 5 161 162 163 
1 4 62 63 87 88 
1 5 62 63 179 180 181 
1 5 62 63 64 180 181 
1 5 62 63 64 102 103 
1 6 62 63 149 150 151 152 
1 5 62 63 64 80 81 
1 6 62 63 64 158 159 160 
1 5 62 63 121 122 123 
1 5 62 63 64 122 123 
1 6 62 63 64 65 88 89 
1 5 62 63 87 88 89 
1 6 62 63 138 139 140 141 
1 6 62 63 64 65 140 141 
1 6 62 63 64 139 140 141 
1 6 62 63 64 102 103 104 
1 6 62 63 64 65 103 104 
1 7 62 63 64 158 159 160 161 
1 6 62 63 64 65 160 161 
1 6 62 63 64 80 81 82 
1 6 62 63 64 65 81 82 
1 7 62 63 64 65 66 182 183 
1 7 62 63 138 139 140 141 142 
1 7 62 63 64 65 140 141 142 
1 7 62 63 64 65 66 141 142 
1 7 62 63 64 139 140 141 142 
1 7 62 63 64 65 66 123 124 
1 6 62 63 121 122 123 124 
1 6 62 63 64 122 123 124 
1 7 62 63 64 65 88 89 90 
1 7 62 63 64 65 66 89 90 
1 6 62 63 87 88 89 90 
1 8 62 63 149 150 151 152 153 154 
1 7 62 63 64 65 66 153 154 
1 7 62 63 64 65 152 153 154 
1 7 62 63 64 102 103 104 105 
1 7 62 63 64 65 103 104 105 
1 7 62 63 64 65 66 104 105 
1 8 62 63 64 65 66 182 183 184 
1 8 62 63 64 65 66 67 187 188 
1 8 62 63 138 139 140 141 142 143 
1 8 62 63 64 65 140 141 142 143 
1 8 62 63 64 65 66 67 142 143 
1 8 62 63 64 65 66 141 142 143 
1 8 62 63 64 139 140 141 142 143 
1 8 62 63 64 65 66 123 124 125 
1 8 62 63 64 65 66 67 124 125 
1 7 62 63 121 122 123 124 125 
1 7 62 63 64 122 123 124 125 
1 8 62 63 64 65 88 89 90 91 
1 8 62 63 64 65 66 89 90 91 
1 8 62 63 64 65 66 67 90 91 
1 9 62 63 64 158 159 160 161 162 163 
1 9 62 63 64 65 66 67 161 162 163 
1 8 62 63 64 65 160 161 162 163 
1 4 16 17 87 88 
1 5 16 17 179 180 181 
1 6 16 17 149 150 151 152 
1 6 16 17 18 19 159 160 
1 6 16 17 18 19 122 123 
1 5 16 17 121 122 123 
1 6 16 17 18 19 88 89 
1 5 16 17 87 88 89 
1 6 16 17 138 139 140 141 
1 6 16 17 18 19 140 141 
1 6 16 17 18 19 103 104 
1 7 16 17 18 19 159 160 161 
1 7 16 17 18 19 20 160 161 
1 6 16 17 18 19 81 82 
1 7 16 17 18 19 20 182 183 
1 7 16 17 138 139 140 141 142 
1 7 16 17 18 19 140 141 142 
1 7 16 17 18 19 20 141 142 
1 7 16 17 18 19 122 123 124 
1 7 16 17 18 19 20 123 124 
1 6 16 17 121 122 123 124 
1 7 16 17 18 19 88 89 90 
1 6 16 17 87 88 89 90 
1 7 16 17 18 19 20 89 90 
1 8 16 17 18 19 20 152 153 154 
1 8 16 17 149 150 151 152 153 154 
1 7 16 17 18 19 103 104 105 
1 7 16 17 18 19 20 104 105 
1 8 16 17 18 19 20 182 183 184 
1 8 16 17 18 19 20 21 187 188 
1 8 16 17 138 139 140 141 142 143 
1 8 16 17 18 19 140 141 142 143 
1 8 16 17 18 19 20 21 142 143 
1 8 16 17 18 19 20 141 142 143 
1 8 16 17 18 19 122 123 124 125 
1 8 16 17 18 19 20 123 124 125 
1 8 16 17 18 19 20 21 124 125 
1 7 16 17 121 122 123 124 125 
1 8 16 17 18 19 88 89 90 91 
1 8 16 17 18 19 20 89 90 91 
1 8 16 17 18 19 20 21 90 91 
1 9 16 17 18 19 159 160 161 162 163 
1 9 16 17 18 19 20 160 161 162 163 
1 9 16 17 18 19 20 21 22 162 163 
1 9 16 17 18 19 20 21 161 162 163 
1 9 16 17 18 19 20 21 22 105 106 
1 8 16 17 18 19 103 104 105 106 
1 8 16 17 18 19 20 104 105 106 
1 5 155 156 157 67 68 
1 5 155 156 157 6 7 
1 5 155 156 157 88 89 
1 5 155 156 157 22 23 
1 5 155 156 157 103 104 
1 5 155 156 157 81 82 
1 6 155 156 157 37 38 39 
1 6 155 156 157 158 38 39 
1 6 155 156 157 158 123 124 
1 6 155 156 157 52 53 54 
1 6 155 156 157 158 53 54 
1 6 155 156 157 88 89 90 
1 6 155 156 157 158 89 90 
1 7 155 156 157 67 68 69 70 
1 7 155 156 157 158 159 69 70 
1 7 155 156 157 158 68 69 70 
1 6 155 156 157 103 104 105 
1 6 155 156 157 158 104 105 
1 7 155 156 157 6 7 8 9 
1 7 155 156 157 158 159 8 9 
1 7 155 156 157 158 7 8 9 
1 7 155 156 157 158 123 124 125 
1 7 155 156 157 158 159 124 125 
1 7 155 156 157 22 23 24 25 
1 7 155 156 157 158 159 24 25 
1 7 155 156 157 158 23 24 25 
1 7 155 156 157 88 89 90 91 
1 7 155 156 157 158 89 90 91 
1 7 155 156 157 158 159 90 91 
1 8 155 156 157 37 38 39 40 41 
1 8 155 156 157 158 159 39 40 41 
1 8 155 156 157 158 38 39 40 41 
1 7 155 156 157 103 104 105 106 
1 7 155 156 157 158 104 105 106 
1 7 155 156 157 158 159 105 106 
1 7 155 156 157 81 82 83 84 
1 7 155 156 157 158 82 83 84 
1 7 155 156 157 158 159 83 84 
1 4 134 135 51 52 
1 4 134 135 102 103 
1 4 134 135 80 81 
1 5 134 135 66 67 68 
1 4 134 135 122 123 
1 5 134 135 5 6 7 
1 4 134 135 88 89 
1 5 134 135 21 22 23 
1 5 134 135 102 103 104 
1 5 134 135 80 81 82 
1 7 134 135 35 36 37 38 39 
1 5 134 135 122 123 124 
1 6 134 135 51 52 53 54 
1 5 134 135 88 89 90 
1 7 134 135 66 67 68 69 70 
1 6 134 135 102 103 104 105 
1 7 134 135 5 6 7 8 9 
1 6 134 135 122 123 124 125 
1 7 134 135 21 22 23 24 25 
1 6 134 135 88 89 90 91 
1 9 134 135 35 36 37 38 39 40 41 
1 7 134 135 102 103 104 105 106 
1 7 134 135 80 81 82 83 84 
1 5 77 78 79 140 141 
1 5 77 78 79 22 23 
1 5 77 78 79 103 104 
1 5 77 78 79 160 161 
1 5 77 78 79 38 39 
1 5 77 78 79 182 183 
1 6 77 78 79 140 141 142 
1 5 77 78 79 123 124 
1 6 77 78 79 52 53 54 
1 6 77 78 79 80 153 154 
1 6 77 78 79 152 153 154 
1 6 77 78 79 80 69 70 
1 6 77 78 79 68 69 70 
1 6 77 78 79 103 104 105 
1 6 77 78 79 80 104 105 
1 6 77 78 79 182 183 184 
1 6 77 78 79 80 8 9 
1 6 77 78 79 7 8 9 
1 6 77 78 79 80 187 188 
1 7 77 78 79 140 141 142 143 
1 6 77 78 79 80 142 143 
1 6 77 78 79 123 124 125 
1 6 77 78 79 80 124 125 
1 7 77 78 79 80 23 24 25 
1 7 77 78 79 22 23 24 25 
1 7 77 78 79 80 81 162 163 
1 7 77 78 79 80 161 162 163 
1 7 77 78 79 160 161 162 163 
1 7 77 78 79 80 81 40 41 
1 7 77 78 79 80 39 40 41 
1 7 77 78 79 38 39 40 41 
1 7 77 78 79 103 104 105 106 
1 7 77 78 79 80 104 105 106 
1 7 77 78 79 80 81 105 106 
1 7 77 78 79 80 187 188 189 
1 6 32 33 34 35 140 141 
1 6 32 33 34 35 103 104 
1 6 32 33 34 35 160 161 
1 6 32 33 34 35 81 82 
1 7 32 33 34 35 36 182 183 
1 7 32 33 34 35 140 141 142 
1 7 32 33 34 35 36 141 142 
1 6 32 33 34 35 123 124 
1 7 32 33 34 35 36 89 90 
1 7 32 33 34 35 152 153 154 
1 7 32 33 34 35 36 153 154 
1 7 32 33 34 35 103 104 105 
1 7 32 33 34 35 36 104 105 
1 8 32 33 34 35 36 182 183 184 
1 8 32 33 34 35 36 37 187 188 
1 8 32 33 34 35 140 141 142 143 
1 8 32 33 34 35 36 37 142 143 
1 8 32 33 34 35 36 141 142 143 
1 8 32 33 34 35 36 37 124 125 
1 7 32 33 34 35 123 124 125 
1 8 32 33 34 35 36 89 90 91 
1 8 32 33 34 35 36 37 90 91 
1 8 32 33 34 35 160 161 162 163 
1 8 32 33 34 35 36 37 162 163 
1 8 32 33 34 35 36 161 162 163 
1 8 32 33 34 35 103 104 105 106 
1 8 32 33 34 35 36 104 105 106 
1 8 32 33 34 35 36 37 105 106 
1 9 32 33 34 35 36 37 187 188 189 
1 8 32 33 34 35 81 82 83 84 
1 8 32 33 34 35 36 82 83 84 
1 8 32 33 34 35 36 37 83 84 
1 9 32 33 34 35 162 163 164 165 166 
1 9 32 33 34 35 36 37 38 165 166 
1 8 32 33 34 162 163 164 165 166 
1 9 32 33 34 35 36 37 164 165 166 
1 9 32 33 34 35 36 163 164 165 166 
1 8 32 33 34 35 36 37 165 166 
1 9 32 33 34 35 36 37 190 191 192 
1 9 32 33 34 35 36 37 38 191 192 
1 9 32 33 34 35 36 189 190 191 192 
1 8 32 33 34 35 189 190 191 192 
1 8 32 33 34 35 36 190 191 192 
1 8 32 33 34 35 36 37 191 192 
1 8 32 33 34 105 106 107 108 109 
1 9 32 33 34 35 36 106 107 108 109 
1 9 32 33 34 35 36 37 107 108 109 
1 9 32 33 34 35 36 37 38 108 109 
1 8 32 33 34 35 36 37 108 109 
1 9 32 33 34 35 36 37 38 197 198 
1 9 32 33 34 35 125 126 127 128 129 
1 9 32 33 34 35 36 126 127 128 129 
1 9 32 33 34 35 36 37 127 128 129 
1 9 32 33 34 35 36 37 38 128 129 
1 8 32 33 34 35 36 37 128 129 
1 9 32 33 34 35 36 37 38 96 97 
1 9 32 33 34 35 91 92 93 94 95 
1 9 32 33 34 35 36 92 93 94 95 
1 9 32 33 34 35 36 37 93 94 95 
1 9 32 33 34 35 36 37 38 94 95 
1 8 32 33 34 35 36 93 94 95 
1 8 32 33 34 35 36 37 94 95 
1 9 32 33 34 35 36 37 165 166 167 
1 9 32 33 34 35 163 164 165 166 167 
1 9 32 33 34 35 36 164 165 166 167 
1 9 32 33 34 35 36 37 38 166 167 
1 8 32 33 34 35 36 165 166 167 
1 7 32 33 34 35 36 166 167 
1 4 177 178 51 52 
1 4 177 178 67 68 
1 4 177 178 122 123 
1 5 177 178 179 6 7 
1 4 177 178 88 89 
1 5 177 178 21 22 23 
1 5 177 178 179 22 23 
1 5 177 178 179 103 104 
1 5 177 178 179 81 82 
1 5 177 178 37 38 39 
1 5 177 178 179 38 39 
1 5 177 178 122 123 124 
1 5 177 178 179 123 124 
1 6 177 178 51 52 53 54 
1 6 177 178 179 52 53 54 
1 5 177 178 88 89 90 
1 5 177 178 179 89 90 
1 6 177 178 67 68 69 70 
1 6 177 178 179 68 69 70 
1 6 177 178 179 103 104 105 
1 7 177 178 179 180 181 8 9 
1 7 177 178 179 6 7 8 9 
1 7 177 178 179 180 181 124 125 
1 6 177 178 122 123 124 125 
1 6 177 178 179 123 124 125 
1 7 177 178 21 22 23 24 25 
1 7 177 178 179 180 181 24 25 
1 7 177 178 179 22 23 24 25 
1 7 177 178 179 180 181 90 91 
1 6 177 178 88 89 90 91 
1 6 177 178 179 89 90 91 
1 7 177 178 37 38 39 40 41 
1 7 177 178 179 180 181 40 41 
1 7 177 178 179 38 39 40 41 
1 7 177 178 179 103 104 105 106 
1 7 177 178 179 180 181 105 106 
1 7 177 178 179 81 82 83 84 
1 7 177 178 179 180 181 83 84 
1 8 177 178 179 180 181 54 55 56 
1 8 177 178 51 52 53 54 55 56 
1 8 177 178 179 52 53 54 55 56 
1 9 177 178 179 180 181 26 27 28 29 
1 9 177 178 179 24 25 26 27 28 29 
1 8 177 178 179 105 106 107 108 109 
1 8 177 178 179 180 181 107 108 109 
1 7 177 178 179 180 181 108 109 
1 8 177 178 179 125 126 127 128 129 
1 8 177 178 179 180 181 127 128 129 
1 7 177 178 179 180 181 96 97 
1 8 177 178 179 91 92 93 94 95 
1 8 177 178 179 180 181 93 94 95 
1 9 177 178 179 180 181 73 74 75 76 
1 9 177 178 179 71 72 73 74 75 76 
1 8 177 178 179 180 181 74 75 76 
1 9 177 178 179 180 181 43 44 45 46 
1 9 177 178 179 41 42 43 44 45 46 
1 4 99 100 180 181 
1 6 99 100 101 152 153 154 
1 9 99 100 101 24 25 26 27 28 29 
1 8 99 100 101 102 195 196 197 198 
1 7 99 100 101 102 103 200 201 
1 8 99 100 101 102 164 165 166 167 
1 9 99 100 101 102 103 73 74 75 76 
1 9 99 100 101 102 72 73 74 75 76 
1 9 99 100 101 71 72 73 74 75 76 
1 9 99 100 101 102 103 43 44 45 46 
1 9 99 100 101 102 42 43 44 45 46 
1 9 99 100 101 41 42 43 44 45 46 
1 4 136 137 51 52 
1 4 136 137 67 68 
1 4 136 137 122 123 
1 4 136 137 6 7 
1 4 136 137 88 89 
1 5 136 137 138 22 23 
1 5 136 137 21 22 23 
1 4 136 137 103 104 
1 4 136 137 81 82 
1 5 136 137 138 38 39 
1 5 136 137 37 38 39 
1 5 136 137 122 123 124 
1 5 136 137 138 123 124 
1 6 136 137 138 139 53 54 
1 6 136 137 51 52 53 54 
1 5 136 137 88 89 90 
1 5 136 137 138 89 90 
1 6 136 137 138 68 69 70 
1 6 136 137 138 139 69 70 
1 6 136 137 67 68 69 70 
1 6 136 137 138 139 104 105 
1 5 136 137 103 104 105 
1 6 136 137 138 7 8 9 
1 6 136 137 138 139 8 9 
1 6 136 137 6 7 8 9 
1 6 136 137 122 123 124 125 
1 6 136 137 138 123 124 125 
1 6 136 137 138 139 124 125 
1 7 136 137 138 22 23 24 25 
1 7 136 137 138 139 140 24 25 
1 7 136 137 138 139 23 24 25 
1 7 136 137 21 22 23 24 25 
1 6 136 137 88 89 90 91 
1 6 136 137 138 89 90 91 
1 6 136 137 138 139 90 91 
1 7 136 137 138 38 39 40 41 
1 7 136 137 138 139 140 40 41 
1 7 136 137 138 139 39 40 41 
1 7 136 137 37 38 39 40 41 
1 7 136 137 138 139 104 105 106 
1 7 136 137 138 139 140 105 106 
1 6 136 137 103 104 105 106 
1 7 136 137 138 139 82 83 84 
1 7 136 137 138 139 140 83 84 
1 6 136 137 81 82 83 84 
1 8 136 137 138 139 53 54 55 56 
1 8 136 137 51 52 53 54 55 56 
1 7 136 137 138 139 140 55 56 
1 8 136 137 138 25 26 27 28 29 
1 8 136 137 138 139 140 27 28 29 
1 8 136 137 138 139 26 27 28 29 
1 8 136 137 24 25 26 27 28 29 
1 7 136 137 138 139 140 28 29 
1 7 136 137 138 139 27 28 29 
1 6 136 137 138 139 28 29 
1 8 136 137 138 139 106 107 108 109 
1 8 136 137 138 139 140 107 108 109 
1 7 136 137 105 106 107 108 109 
1 7 136 137 138 139 107 108 109 
1 7 136 137 138 139 140 108 109 
1 6 136 137 138 107 108 109 
1 5 136 137 138 108 109 
1 8 136 137 138 139 126 127 128 129 
1 8 136 137 138 139 140 127 128 129 
1 7 136 137 125 126 127 128 129 
1 7 136 137 138 139 140 128 129 
1 7 136 137 138 139 140 96 97 
1 8 136 137 138 91 92 93 94 95 
1 8 136 137 138 139 92 93 94 95 
1 8 136 137 138 139 140 93 94 95 
1 7 136 137 138 139 93 94 95 
1 7 136 137 138 139 140 94 95 
1 9 136 137 138 71 72 73 74 75 76 
1 9 136 137 138 139 140 73 74 75 76 
1 9 136 137 138 139 72 73 74 75 76 
1 8 136 137 138 139 140 74 75 76 
1 7 136 137 138 139 140 75 76 
1 8 136 137 138 139 107 108 109 110 
1 8 136 137 138 139 140 108 109 110 
1 7 136 137 106 107 108 109 110 
1 7 136 137 138 107 108 109 110 
1 7 136 137 138 139 108 109 110 
1 7 136 137 138 139 140 109 110 
1 9 136 137 138 41 42 43 44 45 46 
1 9 136 137 138 139 140 43 44 45 46 
1 9 136 137 138 139 42 43 44 45 46 
1 8 136 137 138 139 140 44 45 46 
1 8 136 137 138 139 43 44 45 46 
1 4 85 86 180 181 
1 4 85 86 51 52 
1 4 85 86 102 103 
1 4 85 86 67 68 
1 4 85 86 159 160 
1 4 85 86 122 123 
1 5 85 86 5 6 7 
1 5 85 86 139 140 141 
1 5 85 86 21 22 23 
1 5 85 86 102 103 104 
1 5 85 86 159 160 161 
1 6 85 86 36 37 38 39 
1 5 85 86 87 38 39 
1 5 85 86 87 182 183 
1 6 85 86 139 140 141 142 
1 5 85 86 87 141 142 
1 5 85 86 87 123 124 
1 5 85 86 122 123 124 
1 6 85 86 51 52 53 54 
1 5 85 86 87 53 54 
1 5 85 86 87 153 154 
1 6 85 86 67 68 69 70 
1 5 85 86 87 69 70 
1 6 85 86 102 103 104 105 
1 5 85 86 87 104 105 
1 6 85 86 87 182 183 184 
1 7 85 86 5 6 7 8 9 
1 6 85 86 87 88 8 9 
1 6 85 86 87 7 8 9 
1 6 85 86 87 88 187 188 
1 6 85 86 87 88 142 143 
1 7 85 86 139 140 141 142 143 
1 6 85 86 87 141 142 143 
1 6 85 86 87 123 124 125 
1 6 85 86 87 88 124 125 
1 6 85 86 122 123 124 125 
1 7 85 86 21 22 23 24 25 
1 6 85 86 87 88 24 25 
1 6 85 86 87 23 24 25 
1 7 85 86 159 160 161 162 163 
1 6 85 86 87 88 162 163 
1 6 85 86 87 161 162 163 
1 8 85 86 36 37 38 39 40 41 
1 7 85 86 87 38 39 40 41 
1 6 85 86 87 88 40 41 
1 7 85 86 102 103 104 105 106 
1 6 85 86 87 104 105 106 
1 6 85 86 87 88 105 106 
1 7 85 86 87 88 187 188 189 
1 7 85 86 87 88 54 55 56 
1 8 85 86 51 52 53 54 55 56 
1 7 85 86 87 53 54 55 56 
1 7 85 86 87 88 142 143 144 
1 8 85 86 139 140 141 142 143 144 
1 7 85 86 87 141 142 143 144 
1 8 85 86 159 160 161 162 163 164 
1 7 85 86 87 88 162 163 164 
1 7 85 86 87 161 162 163 164 
1 7 85 86 87 123 124 125 126 
1 7 85 86 87 88 124 125 126 
1 7 85 86 122 123 124 125 126 
1 7 85 86 87 88 164 165 166 
1 8 85 86 161 162 163 164 165 166 
1 7 85 86 87 163 164 165 166 
1 6 85 86 87 88 165 166 
1 8 85 86 87 88 26 27 28 29 
1 8 85 86 87 25 26 27 28 29 
1 7 85 86 87 88 27 28 29 
1 8 85 86 24 25 26 27 28 29 
1 7 85 86 87 88 190 191 192 
1 8 85 86 187 188 189 190 191 192 
1 7 85 86 87 189 190 191 192 
1 6 85 86 87 88 191 192 
1 7 85 86 87 106 107 108 109 
1 7 85 86 87 88 107 108 109 
1 7 85 86 105 106 107 108 109 
1 6 85 86 87 88 108 109 
1 7 85 86 87 126 127 128 129 
1 7 85 86 87 88 127 128 129 
1 7 85 86 125 126 127 128 129 
1 6 85 86 87 88 128 129 
1 7 85 86 87 88 165 166 167 
1 7 85 86 87 164 165 166 167 
1 7 85 86 163 164 165 166 167 
1 8 85 86 87 88 73 74 75 76 
1 8 85 86 87 72 73 74 75 76 
1 7 85 86 87 88 74 75 76 
1 8 85 86 71 72 73 74 75 76 
1 7 85 86 87 88 108 109 110 
1 7 85 86 87 107 108 109 110 
1 7 85 86 106 107 108 109 110 
1 6 85 86 87 88 109 110 
1 8 85 86 87 88 43 44 45 46 
1 8 85 86 87 42 43 44 45 46 
1 8 85 86 41 42 43 44 45 46 
1 7 85 86 87 88 44 45 46 
1 6 85 86 87 88 45 46 
1 7 85 86 87 88 146 147 148 
1 7 85 86 87 145 146 147 148 
1 7 85 86 144 145 146 147 148 
1 5 47 48 49 159 160 
1 5 47 48 49 122 123 
1 5 47 48 49 88 89 
1 6 47 48 49 139 140 141 
1 5 47 48 49 103 104 
1 6 47 48 49 159 160 161 
1 6 47 48 49 50 160 161 
1 6 47 48 49 50 81 82 
1 6 47 48 49 50 182 183 
1 7 47 48 49 50 51 141 142 
1 7 47 48 49 139 140 141 142 
1 6 47 48 49 122 123 124 
1 6 47 48 49 50 123 124 
1 6 47 48 49 88 89 90 
1 6 47 48 49 50 89 90 
1 7 47 48 49 50 51 153 154 
1 7 47 48 49 50 152 153 154 
1 7 47 48 49 50 51 104 105 
1 6 47 48 49 103 104 105 
1 7 47 48 49 50 182 183 184 
1 7 47 48 49 50 51 187 188 
1 8 47 48 49 50 51 141 142 143 
1 8 47 48 49 139 140 141 142 143 
1 7 47 48 49 122 123 124 125 
1 7 47 48 49 50 123 124 125 
1 7 47 48 49 50 51 124 125 
1 7 47 48 49 88 89 90 91 
1 7 47 48 49 50 89 90 91 
1 7 47 48 49 50 51 90 91 
1 8 47 48 49 159 160 161 162 163 
1 8 47 48 49 50 160 161 162 163 
1 8 47 48 49 50 51 52 162 163 
1 8 47 48 49 50 51 161 162 163 
1 8 47 48 49 50 51 104 105 106 
1 8 47 48 49 50 51 52 105 106 
1 7 47 48 49 103 104 105 106 
1 8 47 48 49 50 51 187 188 189 
1 8 47 48 49 50 81 82 83 84 
1 8 47 48 49 50 51 82 83 84 
1 8 47 48 49 50 51 52 83 84 
1 9 47 48 49 50 51 141 142 143 144 
1 9 47 48 49 139 140 141 142 143 144 
1 8 47 48 49 50 51 52 143 144 
1 9 47 48 49 159 160 161 162 163 164 
1 9 47 48 49 50 160 161 162 163 164 
1 9 47 48 49 50 51 52 162 163 164 
1 9 47 48 49 50 51 161 162 163 164 
1 8 47 48 49 122 123 124 125 126 
1 8 47 48 49 50 123 124 125 126 
1 8 47 48 49 50 51 124 125 126 
1 8 47 48 49 50 51 52 125 126 
1 9 47 48 49 50 51 163 164 165 166 
1 9 47 48 49 161 162 163 164 165 166 
1 8 47 48 49 50 51 52 165 166 
1 8 47 48 49 50 51 164 165 166 
1 9 47 48 49 50 51 52 190 191 192 
1 9 47 48 49 187 188 189 190 191 192 
1 9 47 48 49 50 51 189 190 191 192 
1 8 47 48 49 50 51 52 191 192 
1 7 47 48 49 50 51 191 192 
1 9 47 48 49 50 51 106 107 108 109 
1 9 47 48 49 50 51 52 107 108 109 
1 8 47 48 49 105 106 107 108 109 
1 9 47 48 49 50 125 126 127 128 129 
1 9 47 48 49 50 51 126 127 128 129 
1 9 47 48 49 50 51 52 127 128 129 
1 8 47 48 49 50 51 127 128 129 
1 8 47 48 49 50 51 52 128 129 
1 8 47 48 49 50 51 52 96 97 
1 9 47 48 49 50 91 92 93 94 95 
1 9 47 48 49 50 51 92 93 94 95 
1 9 47 48 49 50 51 52 93 94 95 
1 8 47 48 49 50 51 93 94 95 
1 9 47 48 49 50 51 52 165 166 167 
1 9 47 48 49 50 51 164 165 166 167 
1 9 47 48 49 50 163 164 165 166 167 
1 8 47 48 49 50 51 165 166 167 
1 8 47 48 49 50 51 52 166 167 
1 7 47 48 49 50 51 166 167 
1 9 47 48 49 50 106 107 108 109 110 
1 9 47 48 49 50 51 107 108 109 110 
1 9 47 48 49 50 51 52 108 109 110 
1 8 47 48 49 50 51 52 109 110 
1 9 47 48 49 50 144 145 146 147 148 
1 9 47 48 49 50 51 52 146 147 148 
1 9 47 48 49 50 51 145 146 147 148 
1 8 47 48 49 50 51 146 147 148 
1 8 47 48 49 50 51 52 147 148 
1 7 47 48 49 50 51 147 148 
1 3 120 51 52 
1 3 120 80 81 
1 3 120 67 68 
1 3 120 159 160 
1 3 120 6 7 
1 3 120 88 89 
1 4 120 139 140 141 
1 4 120 21 22 23 
1 4 120 121 160 161 
1 4 120 159 160 161 
1 4 120 80 81 82 
1 4 120 121 38 39 
1 4 120 37 38 39 
1 4 120 121 182 183 
1 5 120 139 140 141 142 
1 4 120 121 141 142 
1 5 120 51 52 53 54 
1 4 120 121 53 54 
1 4 120 121 89 90 
1 4 120 88 89 90 
1 4 120 121 153 154 
1 5 120 121 68 69 70 
1 5 120 67 68 69 70 
1 5 120 121 182 183 184 
1 5 120 121 122 8 9 
1 5 120 121 7 8 9 
1 5 120 6 7 8 9 
1 5 120 121 122 187 188 
1 6 120 139 140 141 142 143 
1 5 120 121 122 142 143 
1 5 120 121 141 142 143 
1 6 120 21 22 23 24 25 
1 5 120 121 122 24 25 
1 5 120 121 23 24 25 
1 5 120 121 89 90 91 
1 5 120 121 122 90 91 
1 5 120 88 89 90 91 
1 6 120 121 160 161 162 163 
1 6 120 159 160 161 162 163 
1 5 120 121 122 162 163 
1 6 120 121 122 39 40 41 
1 6 120 121 38 39 40 41 
1 6 120 37 38 39 40 41 
1 6 120 121 122 187 188 189 
1 6 120 80 81 82 83 84 
1 5 120 121 82 83 84 
1 5 120 121 122 83 84 
1 7 120 51 52 53 54 55 56 
1 6 120 121 122 123 55 56 
1 6 120 121 122 54 55 56 
1 6 120 121 53 54 55 56 
1 6 120 121 122 123 143 144 
1 7 120 139 140 141 142 143 144 
1 6 120 121 122 142 143 144 
1 6 120 121 141 142 143 144 
1 7 120 121 160 161 162 163 164 
1 7 120 159 160 161 162 163 164 
1 6 120 121 122 123 163 164 
1 6 120 121 122 162 163 164 
1 7 120 121 68 69 70 71 72 
1 7 120 67 68 69 70 71 72 
1 6 120 121 122 123 71 72 
1 6 120 121 122 70 71 72 
1 6 120 121 89 90 91 92 
1 6 120 121 122 90 91 92 
1 6 120 121 122 123 91 92 
1 6 120 88 89 90 91 92 
1 7 120 121 182 183 184 185 186 
1 6 120 121 122 123 185 186 
1 6 120 121 122 184 185 186 
1 6 120 121 122 123 165 166 
1 7 120 161 162 163 164 165 166 
1 6 120 121 122 164 165 166 
1 6 120 121 163 164 165 166 
1 4 120 121 165 166 
1 7 120 121 122 123 27 28 29 
1 7 120 121 122 26 27 28 29 
1 7 120 121 25 26 27 28 29 
1 7 120 24 25 26 27 28 29 
1 6 120 121 122 123 28 29 
1 7 120 187 188 189 190 191 192 
1 6 120 121 122 123 191 192 
1 6 120 121 122 190 191 192 
1 6 120 121 189 190 191 192 
1 5 120 121 190 191 192 
1 6 120 121 122 123 96 97 
1 7 120 121 91 92 93 94 95 
1 7 120 121 122 92 93 94 95 
1 7 120 121 122 123 93 94 95 
1 6 120 121 122 93 94 95 
1 6 120 121 122 123 94 95 
1 7 120 121 163 164 165 166 167 
1 6 120 121 122 165 166 167 
1 6 120 121 122 123 166 167 
1 8 120 121 71 72 73 74 75 76 
1 7 120 121 122 123 74 75 76 
1 7 120 121 122 73 74 75 76 
1 6 120 121 122 123 75 76 
1 5 120 121 122 75 76 
1 8 120 121 122 42 43 44 45 46 
1 8 120 121 41 42 43 44 45 46 
1 7 120 121 122 123 44 45 46 
1 6 120 121 122 123 45 46 
1 6 120 121 122 44 45 46 
1 7 120 121 122 123 146 147 148 
1 7 120 121 122 145 146 147 148 
1 7 120 121 144 145 146 147 148 
1 8 120 121 10 11 12 13 14 15 
1 7 120 121 122 123 13 14 15 
1 7 120 121 122 12 13 14 15 
1 6 120 121 122 123 14 15 
1 8 120 121 122 57 58 59 60 61 
1 8 120 121 56 57 58 59 60 61 
1 7 120 121 122 123 59 60 61 
1 6 120 121 122 123 60 61 
1 6 2 3 4 152 153 154 
1 8 2 3 4 5 6 7 185 186 
1 8 2 3 4 182 183 184 185 186 
1 8 2 3 4 5 6 184 185 186 
1 8 2 3 4 5 104 105 106 107 
1 8 2 3 4 5 106 107 108 109 
1 9 2 3 4 5 6 195 196 197 198 
1 8 2 3 4 5 6 7 200 201 
1 9 2 3 4 5 6 7 127 128 129 
1 8 2 3 4 125 126 127 128 129 
1 8 2 3 4 5 126 127 128 129 
1 9 2 3 4 5 6 92 93 94 95 
1 9 2 3 4 5 6 7 93 94 95 
1 8 2 3 4 5 6 165 166 167 
1 8 2 3 4 5 164 165 166 167 
1 9 2 3 4 5 6 107 108 109 110 
1 9 2 3 4 5 6 7 108 109 110 
1 9 2 3 4 5 189 190 191 192 193 
1 8 2 3 4 5 6 191 192 193 
1 9 2 3 4 5 144 145 146 147 148 
1 9 2 3 4 5 6 7 146 147 148 
1 9 2 3 4 5 6 145 146 147 148 
1 8 2 3 4 5 6 146 147 148 
1 6 135 35 36 37 38 39 
1 5 135 51 52 53 54 
1 6 135 66 67 68 69 70 
1 5 135 102 103 104 105 
1 5 135 80 81 82 83 
1 6 135 5 6 7 8 9 
1 5 135 122 123 124 125 
1 6 135 21 22 23 24 25 
1 5 135 88 89 90 91 
1 8 135 35 36 37 38 39 40 41 
1 6 135 102 103 104 105 106 
1 6 135 80 81 82 83 84 
1 7 135 51 52 53 54 55 56 
1 6 135 122 123 124 125 126 
1 7 135 67 68 69 70 71 72 
1 6 135 88 89 90 91 92 
1 6 135 90 91 92 93 94 
1 7 135 24 25 26 27 28 29 
1 6 135 105 106 107 108 109 
1 6 135 125 126 127 128 129 
1 6 135 91 92 93 94 95 
1 7 135 71 72 73 74 75 76 
1 6 135 106 107 108 109 110 
1 7 135 41 42 43 44 45 46 
1 7 135 10 11 12 13 14 15 
1 7 135 56 57 58 59 60 61 
1 8 156 157 158 159 126 127 128 129 
1 9 156 157 158 159 160 73 74 75 76 
1 9 156 157 158 159 160 161 74 75 76 
1 9 156 157 158 159 72 73 74 75 76 
1 9 156 157 158 71 72 73 74 75 76 
1 9 156 157 158 159 160 43 44 45 46 
1 9 156 157 158 159 160 161 44 45 46 
1 9 156 157 158 159 42 43 44 45 46 
1 9 156 157 158 41 42 43 44 45 46 
1 9 156 157 158 159 160 12 13 14 15 
1 9 156 157 158 159 160 161 13 14 15 
1 9 156 157 158 159 11 12 13 14 15 
1 9 156 157 158 10 11 12 13 14 15 
1 9 156 157 158 159 160 58 59 60 61 
1 9 156 157 158 159 160 161 59 60 61 
1 9 156 157 158 159 57 58 59 60 61 
1 9 156 157 158 56 57 58 59 60 61 
1 4 18 19 159 160 
1 4 18 19 88 89 
1 5 18 19 159 160 161 
1 5 18 19 20 160 161 
1 5 18 19 20 182 183 
1 5 18 19 20 141 142 
1 5 18 19 20 123 124 
1 5 18 19 88 89 90 
1 5 18 19 20 89 90 
1 6 18 19 20 152 153 154 
1 5 18 19 20 104 105 
1 6 18 19 20 182 183 184 
1 6 18 19 20 21 187 188 
1 6 18 19 20 21 142 143 
1 6 18 19 20 141 142 143 
1 6 18 19 20 123 124 125 
1 6 18 19 20 21 124 125 
1 6 18 19 88 89 90 91 
1 6 18 19 20 89 90 91 
1 6 18 19 20 21 90 91 
1 7 18 19 159 160 161 162 163 
1 7 18 19 20 160 161 162 163 
1 7 18 19 20 21 22 162 163 
1 7 18 19 20 21 161 162 163 
1 7 18 19 20 21 22 105 106 
1 6 18 19 20 104 105 106 
1 7 18 19 20 21 187 188 189 
1 7 18 19 20 21 82 83 84 
1 7 18 19 20 21 22 83 84 
1 6 18 19 81 82 83 84 
1 7 18 19 20 21 22 143 144 
1 7 18 19 20 21 142 143 144 
1 7 18 19 20 141 142 143 144 
1 8 18 19 159 160 161 162 163 164 
1 8 18 19 20 160 161 162 163 164 
1 8 18 19 20 21 22 162 163 164 
1 8 18 19 20 21 22 23 163 164 
1 8 18 19 20 21 161 162 163 164 
1 7 18 19 122 123 124 125 126 
1 7 18 19 20 123 124 125 126 
1 7 18 19 20 21 124 125 126 
1 7 18 19 20 21 22 125 126 
1 7 18 19 88 89 90 91 92 
1 7 18 19 20 89 90 91 92 
1 7 18 19 20 21 90 91 92 
1 7 18 19 20 21 22 91 92 
1 8 18 19 20 21 22 23 185 186 
1 8 18 19 20 182 183 184 185 186 
1 8 18 19 20 21 22 184 185 186 
1 8 18 19 20 21 22 105 106 107 
1 8 18 19 20 21 22 23 106 107 
1 7 18 19 20 104 105 106 107 
1 7 18 19 20 21 22 165 166 
1 7 18 19 20 21 164 165 166 
1 7 18 19 20 163 164 165 166 
1 6 18 19 20 21 165 166 
1 8 18 19 187 188 189 190 191 192 
1 8 18 19 20 21 22 190 191 192 
1 8 18 19 20 21 22 23 191 192 
1 8 18 19 20 21 189 190 191 192 
1 7 18 19 20 21 22 191 192 
1 6 18 19 20 190 191 192 
1 5 18 19 20 191 192 
1 8 18 19 20 21 22 107 108 109 
1 8 18 19 20 21 22 23 108 109 
1 7 18 19 20 106 107 108 109 
1 7 18 19 20 21 107 108 109 
1 7 18 19 20 21 22 108 109 
1 6 18 19 20 107 108 109 
1 8 18 19 20 125 126 127 128 129 
1 8 18 19 20 21 126 127 128 129 
1 8 18 19 20 21 22 127 128 129 
1 8 18 19 20 21 22 23 128 129 
1 7 18 19 20 21 22 128 129 
1 8 18 19 20 21 22 23 96 97 
1 8 18 19 20 91 92 93 94 95 
1 8 18 19 20 21 92 93 94 95 
1 8 18 19 20 21 22 93 94 95 
1 8 18 19 20 21 22 23 94 95 
1 7 18 19 20 21 22 94 95 
1 8 18 19 20 21 22 165 166 167 
1 8 18 19 20 21 164 165 166 167 
1 8 18 19 20 163 164 165 166 167 
1 8 18 19 20 21 22 23 166 167 
1 9 18 19 20 21 22 107 108 109 110 
1 9 18 19 20 21 22 23 108 109 110 
1 8 18 19 20 106 107 108 109 110 
1 8 18 19 20 21 22 23 109 110 
1 7 18 19 20 21 22 109 110 
1 9 18 19 20 21 144 145 146 147 148 
1 9 18 19 20 21 22 23 146 147 148 
1 9 18 19 20 21 22 145 146 147 148 
1 8 18 19 20 21 22 146 147 148 
1 8 18 19 20 21 22 23 147 148 
1 4 100 101 182 183 
1 5 100 101 102 153 154 
1 5 100 101 152 153 154 
1 5 100 101 182 183 184 
1 5 100 101 102 187 188 
1 6 100 101 102 187 188 189 
1 6 100 101 81 82 83 84 
1 6 100 101 102 82 83 84 
1 6 100 101 102 103 83 84 
1 7 100 101 102 53 54 55 56 
1 7 100 101 52 53 54 55 56 
1 6 100 101 102 103 55 56 
1 7 100 101 102 103 104 71 72 
1 7 100 101 102 103 70 71 72 
1 7 100 101 102 69 70 71 72 
1 7 100 101 68 69 70 71 72 
1 7 100 101 102 103 104 185 186 
1 7 100 101 102 103 184 185 186 
1 7 100 101 182 183 184 185 186 
1 8 100 101 6 7 8 9 10 11 
1 7 100 101 102 103 104 10 11 
1 7 100 101 102 103 9 10 11 
1 7 100 101 102 8 9 10 11 
1 8 100 101 24 25 26 27 28 29 
1 7 100 101 102 103 27 28 29 
1 7 100 101 102 103 104 191 192 
1 7 100 101 102 103 190 191 192 
1 7 100 101 102 189 190 191 192 
1 7 100 101 102 103 104 96 97 
1 7 100 101 91 92 93 94 95 
1 7 100 101 102 92 93 94 95 
1 7 100 101 102 103 93 94 95 
1 7 100 101 102 103 104 94 95 
1 8 100 101 102 163 164 165 166 167 
1 7 100 101 102 103 165 166 167 
1 7 100 101 102 103 104 166 167 
1 9 100 101 102 71 72 73 74 75 76 
1 8 100 101 102 103 104 74 75 76 
1 8 100 101 102 103 73 74 75 76 
1 7 100 101 102 103 104 75 76 
1 9 100 101 102 103 42 43 44 45 46 
1 9 100 101 102 41 42 43 44 45 46 
1 8 100 101 102 103 104 44 45 46 
1 7 100 101 102 103 104 45 46 
1 8 100 101 102 103 104 146 147 148 
1 8 100 101 102 103 145 146 147 148 
1 8 100 101 102 144 145 146 147 148 
1 7 100 101 102 103 104 147 148 
1 9 100 101 102 103 11 12 13 14 15 
1 9 100 101 102 10 11 12 13 14 15 
1 8 100 101 102 103 104 13 14 15 
1 9 100 101 102 103 57 58 59 60 61 
1 9 100 101 102 56 57 58 59 60 61 
1 8 100 101 102 103 104 59 60 61 
1 7 100 101 102 103 104 60 61 
1 4 64 65 88 89 
1 5 64 65 66 182 183 
1 5 64 65 66 141 142 
1 5 64 65 66 123 124 
1 5 64 65 88 89 90 
1 5 64 65 66 89 90 
1 5 64 65 66 153 154 
1 5 64 65 152 153 154 
1 5 64 65 66 104 105 
1 6 64 65 66 182 183 184 
1 6 64 65 66 67 187 188 
1 6 64 65 66 67 142 143 
1 6 64 65 66 141 142 143 
1 6 64 65 66 123 124 125 
1 6 64 65 66 67 124 125 
1 6 64 65 88 89 90 91 
1 6 64 65 66 89 90 91 
1 6 64 65 66 67 90 91 
1 6 64 65 66 104 105 106 
1 6 64 65 66 67 105 106 
1 7 64 65 66 67 187 188 189 
1 7 64 65 66 67 68 83 84 
1 6 64 65 81 82 83 84 
1 6 64 65 66 82 83 84 
1 7 64 65 66 67 68 143 144 
1 7 64 65 140 141 142 143 144 
1 7 64 65 66 67 142 143 144 
1 7 64 65 66 141 142 143 144 
1 8 64 65 66 67 68 69 163 164 
1 8 64 65 66 67 161 162 163 164 
1 7 64 65 66 123 124 125 126 
1 7 64 65 66 67 124 125 126 
1 7 64 65 66 67 68 125 126 
1 7 64 65 88 89 90 91 92 
1 7 64 65 66 89 90 91 92 
1 7 64 65 66 67 90 91 92 
1 7 64 65 66 67 68 91 92 
1 8 64 65 66 182 183 184 185 186 
1 8 64 65 66 67 68 69 185 186 
1 8 64 65 66 67 68 184 185 186 
1 8 64 65 66 67 68 69 106 107 
1 7 64 65 66 104 105 106 107 
1 7 64 65 66 67 105 106 107 
1 7 64 65 66 67 68 165 166 
1 7 64 65 162 163 164 165 166 
1 7 64 65 66 67 164 165 166 
1 7 64 65 66 163 164 165 166 
1 6 64 65 66 164 165 166 
1 8 64 65 187 188 189 190 191 192 
1 8 64 65 66 67 68 69 191 192 
1 8 64 65 66 67 189 190 191 192 
1 7 64 65 66 67 190 191 192 
1 7 64 65 66 67 68 191 192 
1 6 64 65 66 67 191 192 
1 8 64 65 66 67 68 69 108 109 
1 7 64 65 105 106 107 108 109 
1 7 64 65 66 106 107 108 109 
1 7 64 65 66 67 107 108 109 
1 7 64 65 66 67 68 108 109 
1 6 64 65 66 107 108 109 
1 8 64 65 66 125 126 127 128 129 
1 8 64 65 66 67 126 127 128 129 
1 8 64 65 66 67 68 127 128 129 
1 8 64 65 66 67 68 69 128 129 
1 7 64 65 66 67 68 128 129 
1 6 64 65 66 67 128 129 
1 8 64 65 66 67 68 69 96 97 
1 8 64 65 66 91 92 93 94 95 
1 8 64 65 66 67 92 93 94 95 
1 8 64 65 66 67 68 93 94 95 
1 8 64 65 66 67 68 69 94 95 
1 7 64 65 66 67 93 94 95 
1 8 64 65 66 67 68 165 166 167 
1 8 64 65 66 67 164 165 166 167 
1 8 64 65 66 163 164 165 166 167 
1 8 64 65 66 67 68 69 166 167 
1 7 64 65 66 67 165 166 167 
1 7 64 65 66 67 68 166 167 
1 9 64 65 66 67 68 69 108 109 110 
1 8 64 65 66 106 107 108 109 110 
1 8 64 65 66 67 107 108 109 110 
1 8 64 65 66 67 68 108 109 110 
1 8 64 65 66 67 68 69 109 110 
1 9 64 65 66 67 144 145 146 147 148 
1 9 64 65 66 67 68 69 146 147 148 
1 9 64 65 66 67 68 145 146 147 148 
1 8 64 65 66 67 68 146 147 148 
1 8 64 65 66 67 68 69 147 148 
1 7 64 65 66 67 68 147 148 
1 8 50 51 52 53 54 55 165 166 
1 8 50 51 52 162 163 164 165 166 
1 8 50 51 52 53 54 164 165 166 
1 8 50 51 52 53 163 164 165 166 
1 8 50 51 161 162 163 164 165 166 
1 8 20 21 22 23 24 25 165 166 
1 8 20 21 22 162 163 164 165 166 
1 8 20 21 22 23 24 164 165 166 
1 8 20 21 22 23 163 164 165 166 
1 8 20 21 161 162 163 164 165 166 
1 8 66 67 68 69 163 164 165 166 
1 8 66 67 161 162 163 164 165 166 
1 7 66 67 68 69 70 165 166 
1 8 66 67 68 69 70 190 191 192 
1 8 66 67 187 188 189 190 191 192 
1 8 66 67 68 69 70 71 191 192 
1 8 66 67 68 69 189 190 191 192 
1 8 66 67 68 69 106 107 108 109 
1 8 66 67 68 69 70 107 108 109 
1 8 66 67 68 69 70 71 108 109 
1 7 66 67 105 106 107 108 109 
1 8 158 159 160 25 26 27 28 29 
1 8 158 159 160 161 162 27 28 29 
1 8 158 159 160 161 26 27 28 29 
1 8 158 159 160 161 162 163 28 29 
1 8 158 159 24 25 26 27 28 29 
1 8 158 159 160 161 106 107 108 109 
1 8 158 159 160 161 162 107 108 109 
1 8 158 159 160 161 162 163 108 109 
1 7 158 159 105 106 107 108 109 
1 8 35 36 37 38 39 40 165 166 
1 8 35 36 37 162 163 164 165 166 
1 8 35 36 37 38 39 164 165 166 
1 8 35 36 37 38 163 164 165 166 
1 9 35 36 37 187 188 189 190 191 192 
1 9 35 36 37 38 39 40 190 191 192 
1 9 35 36 37 38 39 40 41 191 192 
1 9 35 36 37 38 39 189 190 191 192 
1 9 35 36 37 38 39 40 107 108 109 
1 9 35 36 37 38 39 40 41 108 109 
1 8 35 36 37 105 106 107 108 109 
1 8 35 36 37 38 106 107 108 109 
1 7 36 37 38 39 40 165 166 
1 7 36 37 162 163 164 165 166 
1 7 36 37 38 39 164 165 166 
1 7 36 37 38 163 164 165 166 
1 8 36 37 187 188 189 190 191 192 
1 8 36 37 38 39 40 190 191 192 
1 8 36 37 38 39 40 41 191 192 
1 8 36 37 38 39 189 190 191 192 
1 8 36 37 38 39 40 107 108 109 
1 8 36 37 38 39 40 41 108 109 
1 7 36 37 105 106 107 108 109 
1 7 36 37 38 106 107 108 109 
1 8 102 103 24 25 26 27 28 29 
1 7 102 103 104 105 27 28 29 
1 7 102 103 104 105 106 191 192 
1 7 102 103 104 105 190 191 192 
1 7 102 103 104 189 190 191 192 
1 7 5 6 7 8 9 165 166 
1 7 5 6 162 163 164 165 166 
1 7 5 6 7 8 164 165 166 
1 7 5 6 7 163 164 165 166 
1 8 5 6 187 188 189 190 191 192 
1 8 5 6 7 8 9 10 191 192 
1 8 5 6 7 8 189 190 191 192 
1 8 5 6 7 8 9 10 108 109 
1 7 5 6 105 106 107 108 109 
1 7 5 6 7 106 107 108 109 
1 7 5 6 7 8 107 108 109 
1 8 180 181 24 25 26 27 28 29 
1 7 180 181 105 106 107 108 109 
1 7 80 81 162 163 164 165 166 
1 6 80 81 82 164 165 166 
1 7 80 81 82 83 84 28 29 
1 7 80 81 82 26 27 28 29 
1 7 80 81 25 26 27 28 29 
1 7 80 81 82 83 84 191 192 
1 7 80 81 82 189 190 191 192 
1 7 80 81 82 83 84 108 109 
1 7 80 81 105 106 107 108 109 
1 7 80 81 82 106 107 108 109 
1 7 80 81 82 83 84 197 198 
1 7 80 81 82 83 84 128 129 
1 7 80 81 125 126 127 128 129 
1 7 80 81 82 126 127 128 129 
1 7 51 52 53 54 55 165 166 
1 7 51 52 162 163 164 165 166 
1 7 51 52 53 54 164 165 166 
1 7 51 52 53 163 164 165 166 
1 7 51 52 53 54 190 191 192 
1 7 51 52 53 54 55 191 192 
1 7 51 52 53 189 190 191 192 
1 7 51 52 105 106 107 108 109 
1 7 51 52 53 106 107 108 109 
1 7 51 52 53 54 107 108 109 
1 7 51 52 53 54 55 108 109 
1 8 51 52 53 54 126 127 128 129 
1 8 51 52 53 54 55 127 128 129 
1 8 51 52 53 54 55 56 128 129 
1 7 51 52 125 126 127 128 129 
1 8 51 52 53 54 55 56 96 97 
1 8 51 52 53 91 92 93 94 95 
1 8 51 52 53 54 92 93 94 95 
1 8 51 52 53 54 55 93 94 95 
1 8 51 52 53 54 55 56 94 95 
1 8 139 140 24 25 26 27 28 29 
1 8 139 140 141 25 26 27 28 29 
1 8 139 140 141 142 143 27 28 29 
1 8 139 140 141 142 26 27 28 29 
1 8 139 140 141 142 126 127 128 129 
1 8 139 140 141 142 143 127 128 129 
1 8 139 140 141 142 143 144 128 129 
1 7 139 140 125 126 127 128 129 
1 8 139 140 141 142 143 144 96 97 
1 8 139 140 141 91 92 93 94 95 
1 8 139 140 141 142 92 93 94 95 
1 8 139 140 141 142 143 93 94 95 
1 8 139 140 141 142 143 144 94 95 
1 7 21 22 23 24 25 165 166 
1 7 21 22 162 163 164 165 166 
1 7 21 22 23 24 164 165 166 
1 7 21 22 23 163 164 165 166 
1 7 21 22 23 24 190 191 192 
1 7 21 22 23 24 25 191 192 
1 7 21 22 23 189 190 191 192 
1 7 21 22 105 106 107 108 109 
1 7 21 22 23 106 107 108 109 
1 7 21 22 23 24 107 108 109 
1 7 21 22 23 24 25 108 109 
1 8 21 22 23 24 25 127 128 129 
1 8 21 22 23 24 25 26 128 129 
1 7 21 22 125 126 127 128 129 
1 7 21 22 23 126 127 128 129 
1 8 21 22 23 24 25 26 96 97 
1 8 21 22 23 24 92 93 94 95 
1 8 21 22 23 24 25 93 94 95 
1 8 21 22 23 24 25 26 94 95 
1 7 21 22 91 92 93 94 95 
1 7 159 160 25 26 27 28 29 
1 7 159 160 161 162 27 28 29 
1 7 159 160 161 26 27 28 29 
1 8 159 160 161 162 163 164 128 129 
1 7 159 160 125 126 127 128 129 
1 7 159 160 161 126 127 128 129 
1 7 159 160 161 162 127 128 129 
1 8 159 160 161 162 163 164 96 97 
1 8 159 160 161 162 163 93 94 95 
1 8 159 160 161 162 163 164 94 95 
1 7 159 160 91 92 93 94 95 
1 7 159 160 161 92 93 94 95 
1 9 159 160 161 71 72 73 74 75 76 
1 9 159 160 161 162 163 73 74 75 76 
1 9 159 160 161 162 163 164 74 75 76 
1 9 159 160 161 162 42 43 44 45 46 
1 9 159 160 161 41 42 43 44 45 46 
1 9 159 160 161 162 163 43 44 45 46 
1 9 159 160 161 162 163 164 44 45 46 
1 6 122 123 124 125 165 166 
1 7 122 123 124 125 27 28 29 
1 6 122 123 124 190 191 192 
1 6 122 123 189 190 191 192 
1 7 122 123 124 125 126 96 97 
1 7 122 123 91 92 93 94 95 
1 7 122 123 124 92 93 94 95 
1 7 122 123 124 125 93 94 95 
1 7 122 123 124 125 126 94 95 
1 7 122 123 124 125 165 166 167 
1 7 122 123 124 125 126 166 167 
1 7 122 123 124 164 165 166 167 
1 7 122 123 163 164 165 166 167 
1 8 122 123 124 125 126 74 75 76 
1 8 122 123 124 125 73 74 75 76 
1 8 122 123 124 72 73 74 75 76 
1 8 122 123 71 72 73 74 75 76 
1 8 122 123 124 125 126 44 45 46 
1 8 122 123 124 125 43 44 45 46 
1 8 122 123 124 42 43 44 45 46 
1 8 122 123 41 42 43 44 45 46 
1 7 67 68 69 163 164 165 166 
1 7 67 68 69 70 190 191 192 
1 7 67 68 69 189 190 191 192 
1 7 67 68 69 106 107 108 109 
1 8 67 68 69 70 71 72 128 129 
1 7 67 68 125 126 127 128 129 
1 7 67 68 69 126 127 128 129 
1 7 67 68 69 70 127 128 129 
1 8 67 68 69 70 71 72 96 97 
1 8 67 68 69 70 71 93 94 95 
1 8 67 68 69 70 71 72 94 95 
1 7 67 68 91 92 93 94 95 
1 8 67 68 69 163 164 165 166 167 
1 8 67 68 69 70 71 72 166 167 
1 7 67 68 69 70 165 166 167 
1 6 88 89 90 164 165 166 
1 6 88 89 163 164 165 166 
1 7 88 89 90 26 27 28 29 
1 7 88 89 25 26 27 28 29 
1 6 88 89 90 91 28 29 
1 6 88 89 90 91 191 192 
1 6 88 89 90 190 191 192 
1 6 88 89 189 190 191 192 
1 6 88 89 90 91 108 109 
1 6 88 89 106 107 108 109 
1 6 88 89 90 107 108 109 
1 7 88 89 125 126 127 128 129 
1 7 88 89 90 126 127 128 129 
1 7 88 89 90 91 127 128 129 
1 7 88 89 90 91 92 128 129 
1 7 88 89 90 91 92 166 167 
1 7 88 89 90 164 165 166 167 
1 7 88 89 163 164 165 166 167 
1 8 88 89 90 91 73 74 75 76 
1 8 88 89 90 72 73 74 75 76 
1 8 88 89 71 72 73 74 75 76 
1 7 88 89 90 91 92 75 76 
1 7 88 89 90 91 108 109 110 
1 7 88 89 106 107 108 109 110 
1 7 88 89 90 107 108 109 110 
1 7 88 89 90 91 92 109 110 
1 8 88 89 90 91 92 44 45 46 
1 8 88 89 90 91 43 44 45 46 
1 8 88 89 90 42 43 44 45 46 
1 8 88 89 41 42 43 44 45 46 
1 7 37 38 39 40 190 191 192 
1 7 37 38 39 189 190 191 192 
1 7 37 38 125 126 127 128 129 
1 7 37 38 39 126 127 128 129 
1 7 37 38 39 40 127 128 129 
1 7 37 38 39 40 41 128 129 
1 7 37 38 39 40 41 96 97 
1 8 37 38 39 40 41 42 94 95 
1 7 37 38 91 92 93 94 95 
1 7 37 38 39 92 93 94 95 
1 7 37 38 39 40 93 94 95 
1 8 37 38 39 40 41 42 166 167 
1 8 37 38 39 40 107 108 109 110 
1 8 37 38 39 40 41 108 109 110 
1 8 37 38 39 40 41 42 109 110 
1 8 37 38 39 144 145 146 147 148 
1 8 37 38 39 40 41 146 147 148 
1 8 37 38 39 40 41 42 147 148 
1 8 37 38 39 40 145 146 147 148 
1 7 6 7 8 9 10 191 192 
1 7 6 7 8 189 190 191 192 
1 7 6 7 8 9 10 108 109 
1 7 6 7 125 126 127 128 129 
1 7 6 7 8 126 127 128 129 
1 7 6 7 8 9 127 128 129 
1 7 6 7 8 9 10 128 129 
1 7 6 7 8 9 10 96 97 
1 7 6 7 91 92 93 94 95 
1 7 6 7 8 9 93 94 95 
1 7 6 7 8 9 10 94 95 
1 7 6 7 8 9 165 166 167 
1 7 6 7 8 9 10 166 167 
1 8 6 7 8 9 10 108 109 110 
1 8 6 7 8 9 10 11 109 110 
1 7 6 7 106 107 108 109 110 
1 8 6 7 8 144 145 146 147 148 
1 8 6 7 8 9 10 146 147 148 
1 8 6 7 8 9 10 11 147 148 
1 8 6 7 8 9 145 146 147 148 
1 6 103 104 26 27 28 29 
1 6 103 104 105 190 191 192 
1 6 103 104 189 190 191 192 
1 6 103 104 105 106 96 97 
1 6 103 104 105 106 94 95 
1 8 103 104 71 72 73 74 75 76 
1 7 103 104 105 106 107 75 76 
1 7 103 104 105 106 74 75 76 
1 7 103 104 105 73 74 75 76 
1 8 103 104 105 42 43 44 45 46 
1 8 103 104 41 42 43 44 45 46 
1 7 103 104 105 106 107 45 46 
1 7 103 104 105 106 44 45 46 
1 7 103 104 105 106 107 147 148 
1 7 103 104 105 106 146 147 148 
1 7 103 104 105 145 146 147 148 
1 7 103 104 144 145 146 147 148 
1 8 103 104 105 106 12 13 14 15 
1 8 103 104 105 11 12 13 14 15 
1 8 103 104 10 11 12 13 14 15 
1 7 103 104 105 106 107 14 15 
1 8 103 104 105 106 107 59 60 61 
1 8 103 104 105 106 58 59 60 61 
1 8 103 104 105 57 58 59 60 61 
1 8 103 104 56 57 58 59 60 61 
1 7 103 104 105 106 107 198 199 
1 7 103 104 195 196 197 198 199 
1 6 52 53 54 55 165 166 
1 6 52 53 54 190 191 192 
1 6 52 53 54 55 191 192 
1 6 52 53 189 190 191 192 
1 6 52 53 54 55 108 109 
1 7 52 53 54 126 127 128 129 
1 7 52 53 54 55 127 128 129 
1 7 52 53 54 55 56 128 129 
1 7 52 53 54 55 56 96 97 
1 7 52 53 91 92 93 94 95 
1 7 52 53 54 92 93 94 95 
1 7 52 53 54 55 93 94 95 
1 7 52 53 54 55 56 94 95 
1 7 52 53 54 55 165 166 167 
1 7 52 53 54 55 56 166 167 
1 8 52 53 54 55 56 57 109 110 
1 7 52 53 54 55 108 109 110 
1 8 52 53 54 55 56 57 147 148 
1 8 52 53 54 55 145 146 147 148 
1 7 52 53 144 145 146 147 148 
1 8 52 53 54 55 165 166 167 168 
1 8 52 53 54 164 165 166 167 168 
1 8 52 53 163 164 165 166 167 168 
1 8 52 53 54 55 56 166 167 168 
1 8 52 53 54 55 56 57 167 168 
1 8 52 53 54 195 196 197 198 199 
1 8 52 53 54 55 56 197 198 199 
1 8 52 53 54 55 56 57 198 199 
1 7 140 141 55 56 57 58 59 
1 7 140 141 142 126 127 128 129 
1 7 140 141 142 143 127 128 129 
1 7 140 141 142 143 144 96 97 
1 7 140 141 91 92 93 94 95 
1 7 140 141 142 143 93 94 95 
1 7 140 141 142 143 144 94 95 
1 8 140 141 142 143 144 74 75 76 
1 8 140 141 71 72 73 74 75 76 
1 8 140 141 142 143 144 145 75 76 
1 8 140 141 142 143 73 74 75 76 
1 8 140 141 142 72 73 74 75 76 
1 8 140 141 142 143 144 44 45 46 
1 8 140 141 142 143 144 145 45 46 
1 8 140 141 41 42 43 44 45 46 
1 8 140 141 142 143 43 44 45 46 
1 8 140 141 142 42 43 44 45 46 
1 8 140 141 142 143 144 13 14 15 
1 8 140 141 10 11 12 13 14 15 
1 8 140 141 142 143 144 145 14 15 
1 8 140 141 142 143 12 13 14 15 
1 8 140 141 142 11 12 13 14 15 
1 9 140 141 142 143 144 145 59 60 61 
1 9 140 141 142 143 57 58 59 60 61 
1 9 140 141 142 56 57 58 59 60 61 
1 9 140 141 142 143 144 28 29 30 31 
1 9 140 141 142 143 144 145 29 30 31 
1 9 140 141 142 143 27 28 29 30 31 
1 9 140 141 142 26 27 28 29 30 31 
1 6 81 82 83 84 28 29 
1 6 81 82 83 84 191 192 
1 6 81 82 189 190 191 192 
1 6 81 82 83 84 108 109 
1 6 81 82 83 84 128 129 
1 6 81 82 126 127 128 129 
1 6 81 82 83 84 166 167 
1 7 81 82 83 84 74 75 76 
1 7 81 82 72 73 74 75 76 
1 7 81 82 83 84 108 109 110 
1 8 81 82 41 42 43 44 45 46 
1 7 81 82 83 84 44 45 46 
1 7 81 82 83 84 146 147 148 
1 7 81 82 144 145 146 147 148 
1 8 81 82 83 84 12 13 14 15 
1 8 81 82 10 11 12 13 14 15 
1 8 81 82 83 84 58 59 60 61 
1 8 81 82 56 57 58 59 60 61 
1 7 81 82 83 84 166 167 168 
1 7 81 82 83 84 197 198 199 
1 7 81 82 195 196 197 198 199 
1 8 81 82 83 84 28 29 30 31 
1 8 81 82 26 27 28 29 30 31 
1 7 81 82 83 84 200 201 202 
1 6 22 23 24 190 191 192 
1 6 22 23 189 190 191 192 
1 7 22 23 24 25 127 128 129 
1 7 22 23 24 25 26 128 129 
1 6 22 23 126 127 128 129 
1 7 22 23 24 25 26 96 97 
1 7 22 23 24 92 93 94 95 
1 7 22 23 24 25 26 94 95 
1 7 22 23 144 145 146 147 148 
1 7 22 23 24 25 146 147 148 
1 7 22 23 24 25 26 147 148 
1 7 22 23 24 145 146 147 148 
1 8 22 23 24 25 165 166 167 168 
1 8 22 23 24 164 165 166 167 168 
1 8 22 23 163 164 165 166 167 168 
1 8 22 23 24 25 26 27 167 168 
1 8 22 23 24 195 196 197 198 199 
1 8 22 23 24 25 26 197 198 199 
1 8 22 23 24 25 26 27 198 199 
1 8 22 23 24 107 108 109 110 111 
1 8 22 23 24 25 108 109 110 111 
1 8 22 23 24 25 26 109 110 111 
1 8 22 23 24 25 26 27 110 111 
1 8 22 23 24 25 26 200 201 202 
1 8 22 23 24 25 26 27 201 202 
1 7 152 153 154 26 27 28 29 
1 6 152 153 154 107 108 109 
1 7 152 153 154 126 127 128 129 
1 7 152 153 154 92 93 94 95 
1 8 152 153 154 72 73 74 75 76 
1 7 152 153 154 107 108 109 110 
1 8 152 153 154 42 43 44 45 46 
1 8 152 153 154 11 12 13 14 15 
1 8 152 153 154 57 58 59 60 61 
1 9 152 153 154 26 27 28 29 30 31 
1 8 152 153 154 107 108 109 110 111 
1 6 68 69 70 190 191 192 
1 6 68 69 189 190 191 192 
1 6 68 69 126 127 128 129 
1 6 68 69 70 127 128 129 
1 7 68 69 70 71 72 96 97 
1 7 68 69 70 71 72 94 95 
1 6 68 69 92 93 94 95 
1 7 68 69 70 71 72 166 167 
1 7 68 69 70 71 72 109 110 
1 7 68 69 144 145 146 147 148 
1 7 68 69 70 71 146 147 148 
1 7 68 69 70 71 72 147 148 
1 7 68 69 70 145 146 147 148 
1 8 68 69 163 164 165 166 167 168 
1 8 68 69 70 71 72 166 167 168 
1 8 68 69 70 71 72 73 167 168 
1 8 68 69 70 71 72 73 198 199 
1 7 68 69 195 196 197 198 199 
1 8 68 69 70 107 108 109 110 111 
1 8 68 69 70 71 108 109 110 111 
1 8 68 69 70 71 72 109 110 111 
1 8 68 69 70 71 72 73 110 111 
1 8 68 69 70 71 72 73 201 202 
1 7 68 69 70 71 200 201 202 
1 6 160 161 26 27 28 29 
1 6 160 161 126 127 128 129 
1 6 160 161 162 127 128 129 
1 7 160 161 162 163 164 96 97 
1 7 160 161 162 163 164 94 95 
1 8 160 161 162 163 73 74 75 76 
1 8 160 161 71 72 73 74 75 76 
1 8 160 161 162 163 164 74 75 76 
1 8 160 161 162 42 43 44 45 46 
1 8 160 161 41 42 43 44 45 46 
1 8 160 161 162 163 43 44 45 46 
1 8 160 161 162 163 164 44 45 46 
1 8 160 161 162 163 164 165 14 15 
1 8 160 161 162 11 12 13 14 15 
1 8 160 161 10 11 12 13 14 15 
1 8 160 161 162 163 12 13 14 15 
1 8 160 161 162 163 164 13 14 15 
1 8 160 161 162 163 164 165 60 61 
1 8 160 161 162 57 58 59 60 61 
1 8 160 161 56 57 58 59 60 61 
1 8 160 161 162 163 58 59 60 61 
1 8 160 161 162 163 164 59 60 61 
1 8 160 161 162 163 164 165 30 31 
1 8 160 161 162 27 28 29 30 31 
1 8 160 161 26 27 28 29 30 31 
1 8 160 161 162 163 28 29 30 31 
1 8 160 161 162 163 164 29 30 31 
1 8 160 161 162 107 108 109 110 111 
1 8 160 161 162 163 108 109 110 111 
1 6 123 124 26 27 28 29 
1 5 123 124 190 191 192 
1 6 123 124 125 126 96 97 
1 6 123 124 125 126 94 95 
1 7 123 124 125 126 74 75 76 
1 7 123 124 125 73 74 75 76 
1 7 123 124 72 73 74 75 76 
1 7 123 124 125 126 44 45 46 
1 7 123 124 125 43 44 45 46 
1 7 123 124 42 43 44 45 46 
1 7 123 124 144 145 146 147 148 
1 6 123 124 125 126 147 148 
1 6 123 124 125 146 147 148 
1 7 123 124 125 126 127 14 15 
1 7 123 124 125 126 13 14 15 
1 7 123 124 125 12 13 14 15 
1 7 123 124 11 12 13 14 15 
1 8 123 124 56 57 58 59 60 61 
1 7 123 124 125 126 127 60 61 
1 7 123 124 125 126 59 60 61 
1 7 123 124 125 58 59 60 61 
1 7 123 124 125 126 127 167 168 
1 7 123 124 195 196 197 198 199 
1 6 123 124 125 197 198 199 
1 6 123 124 125 126 198 199 
1 8 123 124 125 27 28 29 30 31 
1 8 123 124 26 27 28 29 30 31 
1 7 123 124 125 126 127 30 31 
1 7 123 124 125 126 29 30 31 
1 6 123 124 125 200 201 202 
1 6 123 124 125 126 201 202 
1 6 182 183 26 27 28 29 
1 6 182 183 184 27 28 29 
1 6 182 183 184 107 108 109 
1 7 182 183 184 185 186 128 129 
1 6 182 183 126 127 128 129 
1 6 182 183 184 127 128 129 
1 7 182 183 184 185 186 96 97 
1 7 182 183 184 185 186 94 95 
1 6 182 183 92 93 94 95 
1 6 182 183 184 93 94 95 
1 7 182 183 72 73 74 75 76 
1 7 182 183 184 185 186 75 76 
1 7 182 183 184 73 74 75 76 
1 7 182 183 184 107 108 109 110 
1 7 182 183 184 185 186 109 110 
1 8 182 183 184 185 186 44 45 46 
1 8 182 183 184 42 43 44 45 46 
1 8 182 183 10 11 12 13 14 15 
1 8 182 183 184 185 186 13 14 15 
1 8 182 183 184 11 12 13 14 15 
1 8 182 183 56 57 58 59 60 61 
1 8 182 183 184 185 186 59 60 61 
1 8 182 183 184 57 58 59 60 61 
1 8 182 183 26 27 28 29 30 31 
1 8 182 183 184 185 186 29 30 31 
1 8 182 183 184 27 28 29 30 31 
1 8 182 183 184 107 108 109 110 111 
1 8 182 183 184 185 186 109 110 111 
1 6 38 39 40 190 191 192 
1 6 38 39 189 190 191 192 
1 6 38 39 126 127 128 129 
1 6 38 39 40 127 128 129 
1 6 38 39 40 41 96 97 
1 7 38 39 40 41 42 94 95 
1 7 38 39 40 41 42 166 167 
1 7 38 39 40 41 42 109 110 
1 7 38 39 144 145 146 147 148 
1 7 38 39 40 41 146 147 148 
1 7 38 39 40 41 42 147 148 
1 7 38 39 40 145 146 147 148 
1 8 38 39 40 41 42 166 167 168 
1 8 38 39 40 41 42 43 167 168 
1 7 38 39 195 196 197 198 199 
1 7 38 39 40 41 42 198 199 
1 8 38 39 40 107 108 109 110 111 
1 8 38 39 40 41 108 109 110 111 
1 8 38 39 40 41 42 109 110 111 
1 8 38 39 40 41 42 43 110 111 
1 7 38 39 40 41 200 201 202 
1 7 38 39 40 41 42 201 202 
1 8 38 39 40 190 191 192 193 194 
1 8 38 39 40 41 191 192 193 194 
1 8 38 39 40 41 42 192 193 194 
1 8 38 39 40 41 42 43 193 194 
1 6 89 90 26 27 28 29 
1 5 89 90 190 191 192 
1 6 89 90 126 127 128 129 
1 6 89 90 91 127 128 129 
1 7 89 90 91 73 74 75 76 
1 7 89 90 72 73 74 75 76 
1 6 89 90 91 92 75 76 
1 7 89 90 91 92 44 45 46 
1 7 89 90 91 43 44 45 46 
1 7 89 90 42 43 44 45 46 
1 6 89 90 91 92 147 148 
1 6 89 90 91 146 147 148 
1 6 89 90 145 146 147 148 
1 7 89 90 91 92 93 14 15 
1 7 89 90 91 92 13 14 15 
1 7 89 90 91 12 13 14 15 
1 7 89 90 11 12 13 14 15 
1 7 89 90 91 92 93 60 61 
1 7 89 90 91 92 59 60 61 
1 7 89 90 91 58 59 60 61 
1 7 89 90 57 58 59 60 61 
1 7 89 90 195 196 197 198 199 
1 6 89 90 91 197 198 199 
1 6 89 90 91 92 198 199 
1 8 89 90 26 27 28 29 30 31 
1 7 89 90 91 92 93 30 31 
1 7 89 90 91 92 29 30 31 
1 7 89 90 91 28 29 30 31 
1 6 89 90 91 200 201 202 
1 6 89 90 91 92 201 202 
1 8 89 90 91 92 166 167 168 169 
1 8 89 90 91 92 93 167 168 169 
1 8 89 90 164 165 166 167 168 169 
1 7 89 90 91 191 192 193 194 
1 7 89 90 91 92 192 193 194 
1 7 89 90 91 92 93 193 194 
1 7 89 90 190 191 192 193 194 
1 6 7 8 189 190 191 192 
1 6 7 8 126 127 128 129 
1 6 7 8 9 127 128 129 
1 6 7 8 9 10 96 97 
1 6 7 8 9 10 94 95 
1 7 7 8 9 10 108 109 110 
1 7 7 8 9 10 11 109 110 
1 7 7 8 144 145 146 147 148 
1 7 7 8 9 10 146 147 148 
1 7 7 8 9 10 11 147 148 
1 7 7 8 9 145 146 147 148 
1 8 7 8 9 10 11 12 167 168 
1 7 7 8 9 10 166 167 168 
1 7 7 8 195 196 197 198 199 
1 7 7 8 9 10 11 198 199 
1 8 7 8 9 10 108 109 110 111 
1 8 7 8 9 10 11 109 110 111 
1 8 7 8 9 10 11 12 110 111 
1 7 7 8 9 10 200 201 202 
1 7 7 8 9 10 11 201 202 
1 9 7 8 9 10 11 12 167 168 169 
1 8 7 8 9 165 166 167 168 169 
1 8 7 8 9 10 166 167 168 169 
1 9 7 8 9 10 108 109 110 111 112 
1 9 7 8 9 10 11 109 110 111 112 
1 9 7 8 9 10 11 12 110 111 112 
1 8 7 8 9 10 191 192 193 194 
1 8 7 8 9 10 11 192 193 194 
1 8 7 8 9 10 11 12 193 194 
1 7 7 8 190 191 192 193 194 
1 5 53 54 190 191 192 
1 6 53 54 126 127 128 129 
1 6 53 54 55 127 128 129 
1 6 53 54 55 56 128 129 
1 6 53 54 55 56 96 97 
1 6 53 54 55 56 94 95 
1 6 53 54 55 56 166 167 
1 7 53 54 55 56 57 109 110 
1 7 53 54 55 56 57 147 148 
1 7 53 54 55 145 146 147 148 
1 7 53 54 55 56 166 167 168 
1 7 53 54 55 56 57 167 168 
1 7 53 54 195 196 197 198 199 
1 7 53 54 55 56 57 198 199 
1 8 53 54 55 56 57 109 110 111 
1 8 53 54 55 56 57 58 110 111 
1 7 53 54 55 56 200 201 202 
1 7 53 54 55 56 57 201 202 
1 8 53 54 55 56 166 167 168 169 
1 8 53 54 55 56 57 167 168 169 
1 9 53 54 55 56 57 109 110 111 112 
1 9 53 54 55 56 57 58 110 111 112 
1 8 53 54 55 56 57 192 193 194 
1 8 53 54 55 56 57 58 193 194 
1 7 53 54 190 191 192 193 194 
1 7 53 54 55 191 192 193 194 
1 6 141 142 126 127 128 129 
1 6 141 142 143 127 128 129 
1 6 141 142 143 144 96 97 
1 7 141 142 143 144 74 75 76 
1 7 141 142 143 144 145 75 76 
1 7 141 142 143 73 74 75 76 
1 7 141 142 72 73 74 75 76 
1 7 141 142 143 144 44 45 46 
1 7 141 142 143 144 145 45 46 
1 7 141 142 143 43 44 45 46 
1 7 141 142 42 43 44 45 46 
1 7 141 142 143 144 13 14 15 
1 7 141 142 143 144 145 14 15 
1 7 141 142 143 12 13 14 15 
1 7 141 142 11 12 13 14 15 
1 8 141 142 143 144 145 59 60 61 
1 8 141 142 143 57 58 59 60 61 
1 8 141 142 56 57 58 59 60 61 
1 8 141 142 143 144 28 29 30 31 
1 8 141 142 143 144 145 146 30 31 
1 8 141 142 143 144 145 29 30 31 
1 8 141 142 143 27 28 29 30 31 
1 8 141 142 26 27 28 29 30 31 
1 9 141 142 143 144 145 109 110 111 112 
1 9 141 142 143 144 145 146 110 111 112 
1 5 104 105 190 191 192 
1 5 104 105 106 96 97 
1 6 104 105 106 107 75 76 
1 6 104 105 106 74 75 76 
1 6 104 105 73 74 75 76 
1 7 104 105 42 43 44 45 46 
1 6 104 105 106 107 45 46 
1 6 104 105 106 44 45 46 
1 6 104 105 106 107 147 148 
1 6 104 105 106 146 147 148 
1 6 104 105 145 146 147 148 
1 7 104 105 106 12 13 14 15 
1 7 104 105 11 12 13 14 15 
1 6 104 105 106 107 14 15 
1 7 104 105 106 107 59 60 61 
1 7 104 105 106 58 59 60 61 
1 7 104 105 57 58 59 60 61 
1 6 104 105 106 197 198 199 
1 6 104 105 106 107 198 199 
1 7 104 105 106 107 108 30 31 
1 7 104 105 106 107 29 30 31 
1 7 104 105 106 28 29 30 31 
1 7 104 105 27 28 29 30 31 
1 6 104 105 106 200 201 202 
1 6 104 105 106 107 201 202 
1 7 104 105 106 191 192 193 194 
1 7 104 105 106 107 108 193 194 
1 7 104 105 190 191 192 193 194 
1 7 104 105 106 107 192 193 194 
1 5 23 24 190 191 192 
1 6 23 24 25 127 128 129 
1 6 23 24 25 26 128 129 
1 6 23 24 25 26 96 97 
1 6 23 24 25 26 94 95 
1 6 23 24 25 146 147 148 
1 6 23 24 25 26 147 148 
1 6 23 24 145 146 147 148 
1 7 23 24 25 26 27 167 168 
1 7 23 24 195 196 197 198 199 
1 7 23 24 25 26 27 198 199 
1 7 23 24 25 26 200 201 202 
1 7 23 24 25 26 27 201 202 
1 8 23 24 25 165 166 167 168 169 
1 9 23 24 25 26 27 28 110 111 112 
1 8 23 24 25 26 27 28 193 194 
1 7 23 24 190 191 192 193 194 
1 7 23 24 25 191 192 193 194 
1 7 23 24 25 26 192 193 194 
1 9 23 24 25 165 166 167 168 169 170 
1 9 23 24 25 26 166 167 168 169 170 
1 9 23 24 25 26 27 167 168 169 170 
1 9 23 24 25 26 27 28 168 169 170 
1 6 153 154 26 27 28 29 
1 5 153 154 107 108 109 
1 6 153 154 126 127 128 129 
1 6 153 154 92 93 94 95 
1 7 153 154 72 73 74 75 76 
1 6 153 154 107 108 109 110 
1 7 153 154 42 43 44 45 46 
1 7 153 154 11 12 13 14 15 
1 7 153 154 57 58 59 60 61 
1 8 153 154 26 27 28 29 30 31 
1 7 153 154 107 108 109 110 111 
1 8 153 154 107 108 109 110 111 112 
1 5 82 83 84 28 29 
1 5 82 83 84 191 192 
1 5 82 83 84 108 109 
1 5 82 83 84 128 129 
1 5 82 83 84 166 167 
1 6 82 83 84 74 75 76 
1 6 82 83 84 108 109 110 
1 6 82 83 84 44 45 46 
1 6 82 83 84 146 147 148 
1 7 82 83 84 12 13 14 15 
1 7 82 83 84 58 59 60 61 
1 6 82 83 84 166 167 168 
1 6 82 83 84 197 198 199 
1 7 82 83 84 28 29 30 31 
1 7 82 83 84 108 109 110 111 
1 6 82 83 84 200 201 202 
1 7 82 83 84 166 167 168 169 
1 8 82 83 84 108 109 110 111 112 
1 7 82 83 84 191 192 193 194 
1 8 82 83 84 166 167 168 169 170 
1 5 69 70 190 191 192 
1 5 69 70 127 128 129 
1 6 69 70 71 72 96 97 
1 6 69 70 71 93 94 95 
1 6 69 70 71 72 94 95 
1 6 69 70 71 72 166 167 
1 6 69 70 71 72 109 110 
1 6 69 70 71 146 147 148 
1 6 69 70 71 72 147 148 
1 6 69 70 145 146 147 148 
1 7 69 70 71 72 166 167 168 
1 7 69 70 71 72 73 167 168 
1 7 69 70 71 72 73 198 199 
1 6 69 70 71 197 198 199 
1 7 69 70 71 72 109 110 111 
1 7 69 70 71 72 73 110 111 
1 7 69 70 71 72 73 201 202 
1 6 69 70 71 200 201 202 
1 8 69 70 71 72 166 167 168 169 
1 8 69 70 71 72 73 167 168 169 
1 8 69 70 71 72 109 110 111 112 
1 8 69 70 71 72 73 110 111 112 
1 7 69 70 190 191 192 193 194 
1 7 69 70 71 191 192 193 194 
1 7 69 70 71 72 192 193 194 
1 7 69 70 71 72 73 193 194 
1 9 69 70 71 72 166 167 168 169 170 
1 9 69 70 71 72 73 167 168 169 170 
1 9 69 70 71 72 73 74 168 169 170 
1 5 161 162 127 128 129 
1 6 161 162 163 164 96 97 
1 7 161 162 163 73 74 75 76 
1 7 161 162 163 164 74 75 76 
1 7 161 162 42 43 44 45 46 
1 7 161 162 163 43 44 45 46 
1 7 161 162 163 164 44 45 46 
1 7 161 162 163 164 165 14 15 
1 7 161 162 11 12 13 14 15 
1 7 161 162 163 12 13 14 15 
1 7 161 162 163 164 13 14 15 
1 7 161 162 163 164 165 60 61 
1 7 161 162 57 58 59 60 61 
1 7 161 162 163 58 59 60 61 
1 7 161 162 163 164 59 60 61 
1 7 161 162 163 164 165 30 31 
1 7 161 162 27 28 29 30 31 
1 7 161 162 163 28 29 30 31 
1 7 161 162 163 164 29 30 31 
1 5 39 40 190 191 192 
1 5 39 40 127 128 129 
1 5 39 40 41 96 97 
1 6 39 40 41 42 94 95 
1 6 39 40 41 42 166 167 
1 6 39 40 41 42 109 110 
1 6 39 40 41 146 147 148 
1 6 39 40 41 42 147 148 
1 6 39 40 145 146 147 148 
1 7 39 40 41 42 166 167 168 
1 7 39 40 41 42 43 167 168 
1 6 39 40 41 197 198 199 
1 6 39 40 41 42 198 199 
1 7 39 40 41 42 109 110 111 
1 7 39 40 41 42 43 110 111 
1 6 39 40 41 200 201 202 
1 6 39 40 41 42 201 202 
1 8 39 40 41 42 166 167 168 169 
1 8 39 40 41 42 43 167 168 169 
1 8 39 40 41 42 109 110 111 112 
1 8 39 40 41 42 43 110 111 112 
1 7 39 40 190 191 192 193 194 
1 7 39 40 41 191 192 193 194 
1 7 39 40 41 42 192 193 194 
1 7 39 40 41 42 43 193 194 
1 9 39 40 41 42 166 167 168 169 170 
1 9 39 40 41 42 43 167 168 169 170 
1 9 39 40 41 42 43 44 168 169 170 
1 5 124 125 126 96 97 
1 5 124 125 126 94 95 
1 6 124 125 126 74 75 76 
1 6 124 125 73 74 75 76 
1 6 124 125 126 44 45 46 
1 6 124 125 43 44 45 46 
1 5 124 125 126 147 148 
1 5 124 125 146 147 148 
1 6 124 125 126 127 14 15 
1 6 124 125 126 13 14 15 
1 6 124 125 12 13 14 15 
1 6 124 125 126 127 60 61 
1 6 124 125 126 59 60 61 
1 6 124 125 58 59 60 61 
1 6 124 125 126 127 167 168 
1 5 124 125 197 198 199 
1 5 124 125 126 198 199 
1 7 124 125 27 28 29 30 31 
1 6 124 125 126 127 30 31 
1 6 124 125 126 29 30 31 
1 5 124 125 200 201 202 
1 5 124 125 126 201 202 
1 7 124 125 126 127 167 168 169 
1 6 124 125 191 192 193 194 
1 6 124 125 126 192 193 194 
1 6 124 125 126 127 193 194 
1 8 124 125 126 127 167 168 169 170 
1 5 187 188 27 28 29 
1 5 187 188 189 28 29 
1 4 187 188 108 109 
1 5 187 188 127 128 129 
1 5 187 188 189 128 129 
1 5 187 188 189 96 97 
1 5 187 188 93 94 95 
1 5 187 188 189 94 95 
1 6 187 188 73 74 75 76 
1 6 187 188 189 190 75 76 
1 6 187 188 189 74 75 76 
1 6 187 188 189 190 109 110 
1 5 187 188 108 109 110 
1 6 187 188 43 44 45 46 
1 6 187 188 189 190 45 46 
1 6 187 188 189 44 45 46 
1 7 187 188 189 12 13 14 15 
1 6 187 188 189 190 14 15 
1 7 187 188 57 58 59 60 61 
1 7 187 188 189 190 59 60 61 
1 7 187 188 189 58 59 60 61 
1 7 187 188 189 190 191 30 31 
1 7 187 188 27 28 29 30 31 
1 7 187 188 189 190 29 30 31 
1 7 187 188 189 28 29 30 31 
1 7 187 188 189 190 109 110 111 
1 7 187 188 189 190 191 110 111 
1 6 187 188 108 109 110 111 
1 8 187 188 189 190 109 110 111 112 
1 8 187 188 189 190 191 110 111 112 
1 7 187 188 108 109 110 111 112 
1 5 8 9 127 128 129 
1 5 8 9 10 96 97 
1 5 8 9 10 94 95 
1 6 8 9 10 11 109 110 
1 6 8 9 10 146 147 148 
1 6 8 9 10 11 147 148 
1 6 8 9 145 146 147 148 
1 7 8 9 10 11 12 167 168 
1 6 8 9 10 197 198 199 
1 6 8 9 10 11 198 199 
1 7 8 9 10 108 109 110 111 
1 7 8 9 10 11 109 110 111 
1 7 8 9 10 11 12 110 111 
1 6 8 9 10 200 201 202 
1 6 8 9 10 11 201 202 
1 8 8 9 10 11 12 167 168 169 
1 8 8 9 10 108 109 110 111 112 
1 8 8 9 10 11 109 110 111 112 
1 8 8 9 10 11 12 110 111 112 
1 7 8 9 10 191 192 193 194 
1 7 8 9 10 11 192 193 194 
1 7 8 9 10 11 12 193 194 
1 9 8 9 10 11 12 167 168 169 170 
1 9 8 9 10 11 12 13 168 169 170 
1 8 8 9 10 166 167 168 169 170 
1 5 90 91 127 128 129 
1 6 90 91 73 74 75 76 
1 5 90 91 92 75 76 
1 6 90 91 92 44 45 46 
1 6 90 91 43 44 45 46 
1 5 90 91 92 147 148 
1 5 90 91 146 147 148 
1 6 90 91 92 93 14 15 
1 6 90 91 92 13 14 15 
1 6 90 91 12 13 14 15 
1 6 90 91 92 93 60 61 
1 6 90 91 92 59 60 61 
1 6 90 91 58 59 60 61 
1 5 90 91 197 198 199 
1 5 90 91 92 198 199 
1 6 90 91 92 93 30 31 
1 6 90 91 92 29 30 31 
1 6 90 91 28 29 30 31 
1 5 90 91 200 201 202 
1 5 90 91 92 201 202 
1 6 90 91 191 192 193 194 
1 6 90 91 92 192 193 194 
1 6 90 91 92 93 193 194 
1 5 54 55 127 128 129 
1 5 54 55 56 128 129 
1 5 54 55 56 96 97 
1 5 54 55 56 94 95 
1 5 54 55 56 166 167 
1 6 54 55 56 57 109 110 
1 6 54 55 56 57 147 148 
1 6 54 55 145 146 147 148 
1 6 54 55 56 166 167 168 
1 6 54 55 56 57 167 168 
1 6 54 55 56 197 198 199 
1 6 54 55 56 57 198 199 
1 7 54 55 56 57 109 110 111 
1 7 54 55 56 57 58 110 111 
1 6 54 55 56 200 201 202 
1 6 54 55 56 57 201 202 
1 7 54 55 56 166 167 168 169 
1 7 54 55 56 57 167 168 169 
1 8 54 55 56 57 109 110 111 112 
1 8 54 55 56 57 58 110 111 112 
1 7 54 55 56 57 192 193 194 
1 7 54 55 56 57 58 193 194 
1 6 54 55 191 192 193 194 
1 9 54 55 56 57 58 59 168 169 170 
1 8 54 55 56 166 167 168 169 170 
1 8 54 55 56 57 167 168 169 170 
1 5 142 143 127 128 129 
1 5 142 143 144 96 97 
1 6 142 143 144 74 75 76 
1 6 142 143 144 145 75 76 
1 6 142 143 73 74 75 76 
1 6 142 143 144 44 45 46 
1 6 142 143 144 145 45 46 
1 6 142 143 43 44 45 46 
1 6 142 143 144 13 14 15 
1 6 142 143 144 145 14 15 
1 6 142 143 12 13 14 15 
1 7 142 143 144 145 59 60 61 
1 7 142 143 57 58 59 60 61 
1 7 142 143 144 28 29 30 31 
1 7 142 143 144 145 146 30 31 
1 7 142 143 144 145 29 30 31 
1 7 142 143 27 28 29 30 31 
1 5 24 25 127 128 129 
1 5 24 25 26 128 129 
1 5 24 25 26 96 97 
1 5 24 25 26 94 95 
1 5 24 25 146 147 148 
1 5 24 25 26 147 148 
1 6 24 25 26 27 167 168 
1 6 24 25 26 197 198 199 
1 6 24 25 26 27 198 199 
1 7 24 25 26 27 28 110 111 
1 6 24 25 26 200 201 202 
1 6 24 25 26 27 201 202 
1 7 24 25 26 27 167 168 169 
1 8 24 25 26 27 28 110 111 112 
1 7 24 25 26 109 110 111 112 
1 7 24 25 26 27 28 193 194 
1 6 24 25 191 192 193 194 
1 6 24 25 26 192 193 194 
1 8 24 25 26 166 167 168 169 170 
1 8 24 25 26 27 167 168 169 170 
1 8 24 25 26 27 28 168 169 170 
1 4 105 106 96 97 
1 5 105 106 107 75 76 
1 5 105 106 74 75 76 
1 5 105 106 107 45 46 
1 5 105 106 44 45 46 
1 5 105 106 107 147 148 
1 5 105 106 146 147 148 
1 6 105 106 12 13 14 15 
1 5 105 106 107 14 15 
1 6 105 106 107 59 60 61 
1 6 105 106 58 59 60 61 
1 5 105 106 197 198 199 
1 5 105 106 107 198 199 
1 6 105 106 107 108 30 31 
1 6 105 106 107 29 30 31 
1 6 105 106 28 29 30 31 
1 5 105 106 200 201 202 
1 5 105 106 107 201 202 
1 6 105 106 191 192 193 194 
1 6 105 106 107 108 193 194 
1 6 105 106 107 192 193 194 
1 5 70 71 72 128 129 
1 5 70 71 72 96 97 
1 5 70 71 93 94 95 
1 5 70 71 72 94 95 
1 5 70 71 72 166 167 
1 5 70 71 72 109 110 
1 5 70 71 146 147 148 
1 5 70 71 72 147 148 
1 6 70 71 72 166 167 168 
1 6 70 71 72 73 167 168 
1 6 70 71 72 73 198 199 
1 5 70 71 197 198 199 
1 6 70 71 72 109 110 111 
1 6 70 71 72 73 110 111 
1 6 70 71 72 73 201 202 
1 5 70 71 200 201 202 
1 7 70 71 72 166 167 168 169 
1 7 70 71 72 73 167 168 169 
1 7 70 71 72 73 110 111 112 
1 6 70 71 191 192 193 194 
1 6 70 71 72 192 193 194 
1 6 70 71 72 73 193 194 
1 8 70 71 72 166 167 168 169 170 
1 8 70 71 72 73 167 168 169 170 
1 8 70 71 72 73 74 168 169 170 
1 5 162 163 164 96 97 
1 6 162 163 73 74 75 76 
1 6 162 163 164 74 75 76 
1 6 162 163 43 44 45 46 
1 6 162 163 164 44 45 46 
1 6 162 163 164 165 14 15 
1 6 162 163 12 13 14 15 
1 6 162 163 164 13 14 15 
1 6 162 163 164 165 60 61 
1 6 162 163 58 59 60 61 
1 6 162 163 164 59 60 61 
1 6 162 163 164 165 30 31 
1 6 162 163 28 29 30 31 
1 6 162 163 164 29 30 31 
1 4 83 84 28 29 
1 4 83 84 191 192 
1 4 83 84 108 109 
1 4 83 84 128 129 
1 4 83 84 166 167 
1 5 83 84 74 75 76 
1 5 83 84 108 109 110 
1 5 83 84 44 45 46 
1 5 83 84 146 147 148 
1 6 83 84 12 13 14 15 
1 6 83 84 58 59 60 61 
1 5 83 84 166 167 168 
1 5 83 84 197 198 199 
1 6 83 84 28 29 30 31 
1 6 83 84 108 109 110 111 
1 5 83 84 200 201 202 
1 6 83 84 166 167 168 169 
1 7 83 84 108 109 110 111 112 
1 6 83 84 191 192 193 194 
1 7 83 84 166 167 168 169 170 
1 4 40 41 96 97 
1 5 40 41 42 94 95 
1 5 40 41 42 166 167 
1 5 40 41 42 109 110 
1 5 40 41 146 147 148 
1 5 40 41 42 147 148 
1 6 40 41 42 166 167 168 
1 6 40 41 42 43 167 168 
1 5 40 41 197 198 199 
1 5 40 41 42 198 199 
1 6 40 41 42 109 110 111 
1 6 40 41 42 43 110 111 
1 5 40 41 200 201 202 
1 7 40 41 42 166 167 168 169 
1 7 40 41 42 43 167 168 169 
1 7 40 41 42 109 110 111 112 
1 7 40 41 42 43 110 111 112 
1 6 40 41 191 192 193 194 
1 6 40 41 42 192 193 194 
1 6 40 41 42 43 193 194 
1 8 40 41 42 166 167 168 169 170 
1 8 40 41 42 43 167 168 169 170 
1 8 40 41 42 43 44 168 169 170 
1 5 184 185 186 128 129 
1 5 184 185 186 96 97 
1 5 184 185 186 94 95 
1 5 184 185 186 75 76 
1 5 184 185 186 109 110 
1 6 184 185 186 44 45 46 
1 6 184 185 186 13 14 15 
1 6 184 185 186 59 60 61 
1 6 184 185 186 29 30 31 
1 6 184 185 186 109 110 111 
1 7 184 185 186 109 110 111 112 
1 4 9 10 96 97 
1 4 9 10 94 95 
1 5 9 10 11 109 110 
1 5 9 10 146 147 148 
1 5 9 10 11 147 148 
1 6 9 10 11 12 167 168 
1 5 9 10 197 198 199 
1 5 9 10 11 198 199 
1 6 9 10 11 109 110 111 
1 6 9 10 11 12 110 111 
1 5 9 10 200 201 202 
1 5 9 10 11 201 202 
1 7 9 10 11 12 167 168 169 
1 7 9 10 108 109 110 111 112 
1 7 9 10 11 109 110 111 112 
1 7 9 10 11 12 110 111 112 
1 6 9 10 191 192 193 194 
1 6 9 10 11 192 193 194 
1 6 9 10 11 12 193 194 
1 8 9 10 11 12 167 168 169 170 
1 8 9 10 11 12 13 168 169 170 
1 4 143 144 96 97 
1 5 143 144 74 75 76 
1 5 143 144 145 75 76 
1 5 143 144 44 45 46 
1 5 143 144 145 45 46 
1 5 143 144 13 14 15 
1 5 143 144 145 14 15 
1 6 143 144 145 59 60 61 
1 6 143 144 28 29 30 31 
1 6 143 144 145 146 30 31 
1 6 143 144 145 29 30 31 
1 4 125 126 96 97 
1 4 125 126 94 95 
1 5 125 126 74 75 76 
1 5 125 126 44 45 46 
1 4 125 126 147 148 
1 5 125 126 127 14 15 
1 5 125 126 13 14 15 
1 5 125 126 127 60 61 
1 5 125 126 59 60 61 
1 5 125 126 127 167 168 
1 4 125 126 198 199 
1 5 125 126 127 30 31 
1 5 125 126 29 30 31 
1 6 125 126 127 167 168 169 
1 5 125 126 192 193 194 
1 5 125 126 127 193 194 
1 7 125 126 127 167 168 169 170 
1 4 55 56 128 129 
1 4 55 56 96 97 
1 4 55 56 94 95 
1 4 55 56 166 167 
1 5 55 56 57 109 110 
1 5 55 56 57 147 148 
1 5 55 56 166 167 168 
1 5 55 56 57 167 168 
1 5 55 56 197 198 199 
1 5 55 56 57 198 199 
1 6 55 56 57 109 110 111 
1 6 55 56 57 58 110 111 
1 5 55 56 200 201 202 
1 5 55 56 57 201 202 
1 6 55 56 166 167 168 169 
1 6 55 56 57 167 168 169 
1 7 55 56 57 109 110 111 112 
1 7 55 56 57 58 110 111 112 
1 6 55 56 57 192 193 194 
1 6 55 56 57 58 193 194 
1 8 55 56 57 58 59 168 169 170 
1 7 55 56 166 167 168 169 170 
1 7 55 56 57 167 168 169 170 
1 4 91 92 75 76 
1 5 91 92 44 45 46 
1 4 91 92 147 148 
1 5 91 92 93 14 15 
1 5 91 92 13 14 15 
1 5 91 92 93 60 61 
1 5 91 92 59 60 61 
1 4 91 92 198 199 
1 5 91 92 93 30 31 
1 5 91 92 29 30 31 
1 5 91 92 192 193 194 
1 5 91 92 93 193 194 
1 4 25 26 96 97 
1 4 25 26 147 148 
1 5 25 26 197 198 199 
1 5 25 26 27 198 199 
1 5 25 26 200 201 202 
1 5 25 26 27 201 202 
1 6 25 26 27 167 168 169 
1 7 25 26 27 28 110 111 112 
1 6 25 26 27 28 193 194 
1 5 25 26 192 193 194 
1 7 25 26 27 167 168 169 170 
1 7 25 26 27 28 168 169 170 
1 4 71 72 128 129 
1 4 71 72 96 97 
1 4 71 72 94 95 
1 4 71 72 166 167 
1 4 71 72 109 110 
1 4 71 72 147 148 
1 5 71 72 166 167 168 
1 5 71 72 73 167 168 
1 5 71 72 73 198 199 
1 5 71 72 109 110 111 
1 5 71 72 73 110 111 
1 5 71 72 73 201 202 
1 6 71 72 166 167 168 169 
1 6 71 72 73 167 168 169 
1 6 71 72 109 110 111 112 
1 6 71 72 73 110 111 112 
1 5 71 72 192 193 194 
1 5 71 72 73 193 194 
1 7 71 72 166 167 168 169 170 
1 7 71 72 73 167 168 169 170 
1 7 71 72 73 74 168 169 170 
1 4 163 164 96 97 
1 5 163 164 74 75 76 
1 5 163 164 44 45 46 
1 5 163 164 165 14 15 
1 5 163 164 13 14 15 
1 5 163 164 165 60 61 
1 5 163 164 59 60 61 
1 5 163 164 165 30 31 
1 5 163 164 29 30 31 
1 4 106 107 75 76 
1 4 106 107 45 46 
1 4 106 107 147 148 
1 4 106 107 14 15 
1 5 106 107 59 60 61 
1 4 106 107 198 199 
1 5 106 107 108 30 31 
1 5 106 107 29 30 31 
1 5 106 107 108 193 194 
1 5 106 107 192 193 194 
1 4 41 42 94 95 
1 4 41 42 166 167 
1 4 41 42 109 110 
1 4 41 42 147 148 
1 5 41 42 166 167 168 
1 5 41 42 43 167 168 
1 4 41 42 198 199 
1 5 41 42 109 110 111 
1 5 41 42 43 110 111 
1 6 41 42 166 167 168 169 
1 6 41 42 43 167 168 169 
1 6 41 42 109 110 111 112 
1 6 41 42 43 110 111 112 
1 5 41 42 192 193 194 
1 5 41 42 43 193 194 
1 7 41 42 166 167 168 169 170 
1 7 41 42 43 167 168 169 170 
1 7 41 42 43 44 168 169 170 
1 4 185 186 128 129 
1 4 185 186 96 97 
1 4 185 186 94 95 
1 4 185 186 75 76 
1 4 185 186 109 110 
1 5 185 186 44 45 46 
1 5 185 186 13 14 15 
1 5 185 186 59 60 61 
1 5 185 186 29 30 31 
1 5 185 186 109 110 111 
1 6 185 186 109 110 111 112 
1 12 126 127 128 129 169 170 171 172 173 174 175 176 
1 9 195 196 197 198 199 114 115 116 117 
1 11 195 196 197 198 199 114 115 116 117 118 119 
1 12 195 196 197 111 112 113 114 115 116 117 118 119 
1 12 26 27 28 29 30 31 171 172 173 174 175 176 
1 12 26 27 28 29 169 170 171 172 173 174 175 176 
1 12 26 27 28 168 169 170 171 172 173 174 175 176 
1 12 26 27 28 29 30 31 114 115 116 117 118 119 
1 13 26 27 28 29 111 112 113 114 115 116 117 118 119 
1 12 92 93 94 95 169 170 171 172 173 174 175 176 
1 12 92 93 94 95 112 113 114 115 116 117 118 119 
1 12 72 73 74 75 76 170 171 172 173 174 175 176 
1 12 72 73 74 168 169 170 171 172 173 174 175 176 
1 13 72 73 74 75 76 112 113 114 115 116 117 118 119 
1 11 164 165 166 167 168 169 115 116 117 118 119 
1 11 164 165 166 167 168 114 115 116 117 118 119 
1 11 164 165 166 167 113 114 115 116 117 118 119 
1 12 164 165 166 111 112 113 114 115 116 117 118 119 
1 12 42 43 44 45 46 170 171 172 173 174 175 176 
1 12 42 43 44 168 169 170 171 172 173 174 175 176 
1 12 42 43 44 45 46 113 114 115 116 117 118 119 
1 12 42 43 44 111 112 113 114 115 116 117 118 119 
1 11 107 108 109 110 111 112 172 173 174 175 176 
1 11 107 108 109 110 170 171 172 173 174 175 176 
1 11 107 108 109 169 170 171 172 173 174 175 176 
1 11 107 108 168 169 170 171 172 173 174 175 176 
1 12 11 12 13 14 15 170 171 172 173 174 175 176 
1 12 11 12 13 168 169 170 171 172 173 174 175 176 
1 12 11 12 13 14 15 113 114 115 116 117 118 119 
1 12 11 12 13 111 112 113 114 115 116 117 118 119 
1 12 190 191 192 111 112 113 114 115 116 117 118 119 
1 11 57 58 59 60 61 171 172 173 174 175 176 
1 12 57 58 59 168 169 170 171 172 173 174 175 176 
1 12 57 58 59 60 61 113 114 115 116 117 118 119 
1 12 57 58 59 111 112 113 114 115 116 117 118 119 
1 11 145 146 147 148 113 114 115 116 117 118 119 
1 11 27 28 29 30 31 171 172 173 174 175 176 
1 11 27 28 29 169 170 171 172 173 174 175 176 
1 11 27 28 168 169 170 171 172 173 174 175 176 
1 12 27 28 29 111 112 113 114 115 116 117 118 119 
1 10 165 166 167 113 114 115 116 117 118 119 
1 11 165 166 111 112 113 114 115 116 117 118 119 
1 11 127 128 129 169 170 171 172 173 174 175 176 
1 11 73 74 75 76 170 171 172 173 174 175 176 
1 11 73 74 168 169 170 171 172 173 174 175 176 
1 12 73 74 75 76 112 113 114 115 116 117 118 119 
1 11 93 94 95 169 170 171 172 173 174 175 176 
1 11 93 94 95 112 113 114 115 116 117 118 119 
1 11 43 44 45 46 170 171 172 173 174 175 176 
1 11 43 44 168 169 170 171 172 173 174 175 176 
1 11 43 44 45 46 113 114 115 116 117 118 119 
1 11 43 44 111 112 113 114 115 116 117 118 119 
1 10 108 109 110 170 171 172 173 174 175 176 
1 10 108 109 169 170 171 172 173 174 175 176 
1 11 12 13 14 15 170 171 172 173 174 175 176 
1 11 12 13 168 169 170 171 172 173 174 175 176 
1 11 12 13 14 15 113 114 115 116 117 118 119 
1 11 12 13 111 112 113 114 115 116 117 118 119 
1 9 191 192 193 194 115 116 117 118 119 
1 11 191 192 111 112 113 114 115 116 117 118 119 
1 10 58 59 60 61 171 172 173 174 175 176 
1 11 58 59 168 169 170 171 172 173 174 175 176 
1 11 58 59 60 61 113 114 115 116 117 118 119 
1 11 58 59 111 112 113 114 115 116 117 118 119 
1 10 146 147 148 113 114 115 116 117 118 119 
1 7 200 201 202 114 115 116 117 
1 9 200 201 202 114 115 116 117 118 119 
1 10 28 29 30 31 171 172 173 174 175 176 
1 10 28 29 169 170 171 172 173 174 175 176 
1 11 28 29 111 112 113 114 115 116 117 118 119 
1 10 74 75 76 170 171 172 173 174 175 176 
1 11 74 75 76 112 113 114 115 116 117 118 119 
1 10 128 129 169 170 171 172 173 174 175 176 
1 10 96 97 169 170 171 172 173 174 175 176 
1 10 96 97 112 113 114 115 116 117 118 119 
1 10 44 45 46 170 171 172 173 174 175 176 
1 10 44 45 46 113 114 115 116 117 118 119 
1 10 94 95 169 170 171 172 173 174 175 176 
1 10 94 95 112 113 114 115 116 117 118 119 
1 9 166 167 168 169 115 116 117 118 119 
1 9 166 167 113 114 115 116 117 118 119 
1 10 13 14 15 170 171 172 173 174 175 176 
1 10 13 14 15 113 114 115 116 117 118 119 
1 9 59 60 61 171 172 173 174 175 176 
1 10 59 60 61 113 114 115 116 117 118 119 
1 9 147 148 113 114 115 116 117 118 119 
1 9 109 110 111 112 172 173 174 175 176 
1 9 109 110 170 171 172 173 174 175 176 
1 8 192 193 194 115 116 117 118 119 
1 9 29 30 31 171 172 173 174 175 176 
1 9 75 76 170 171 172 173 174 175 176 
1 10 75 76 112 113 114 115 116 117 118 119 
1 8 201 202 114 115 116 117 118 119 
1 9 45 46 170 171 172 173 174 175 176 
1 9 45 46 113 114 115 116 117 118 119 
