2202 241 29
1 6 83 84 85 228 229 230 
1 9 83 84 85 86 30 31 32 33 34 
1 7 83 84 85 149 150 151 152 
1 7 83 84 85 228 229 230 231 
1 9 83 84 85 86 87 51 52 53 54 
1 7 83 84 85 3 4 5 6 
1 7 83 84 85 86 15 16 17 
1 7 83 84 85 14 15 16 17 
1 7 83 84 85 86 87 16 17 
1 9 83 84 85 86 87 165 166 167 168 
1 8 83 84 85 149 150 151 152 153 
1 10 83 84 85 86 87 165 166 167 168 169 
1 8 83 84 85 86 30 31 217 218 
1 8 83 84 85 86 87 216 217 218 
1 8 83 84 85 86 87 88 217 218 
1 9 83 84 85 3 4 32 33 34 35 
1 10 83 84 85 86 30 31 32 33 34 35 
1 10 83 84 85 86 87 31 32 33 34 35 
1 10 83 84 85 86 87 88 32 33 34 35 
1 9 83 84 85 86 87 88 33 34 35 
1 8 83 84 85 149 150 33 34 35 
1 8 83 84 85 86 3 4 202 203 
1 9 83 84 85 86 30 31 32 202 203 
1 9 83 84 85 86 87 88 201 202 203 
1 9 83 84 85 86 87 88 89 202 203 
1 8 83 84 85 86 87 201 202 203 
1 8 83 84 85 86 3 4 231 232 
1 9 83 84 85 86 30 31 32 231 232 
1 8 83 84 85 228 229 230 231 232 
1 9 83 84 85 86 87 88 230 231 232 
1 9 83 84 85 86 87 88 89 231 232 
1 10 83 84 85 86 87 68 69 70 71 72 
1 8 83 84 85 86 87 16 17 18 
1 8 83 84 85 3 4 5 6 7 
1 9 83 84 85 86 87 88 5 6 7 
1 9 83 84 85 86 87 88 89 6 7 
1 8 83 84 85 86 87 5 6 7 
1 9 83 84 85 3 4 5 34 35 36 
1 10 83 84 85 3 4 32 33 34 35 36 
1 8 83 84 85 4 5 34 35 36 
1 11 83 84 85 86 87 88 89 90 34 35 36 
1 11 83 84 85 86 30 31 32 33 34 35 36 
1 10 83 84 85 86 87 88 89 90 35 36 
1 11 83 84 85 86 87 88 32 33 34 35 36 
1 9 83 84 85 86 87 88 89 35 36 
1 9 83 84 85 149 150 151 34 35 36 
1 10 83 84 85 86 87 165 166 167 35 36 
1 9 83 84 85 228 229 230 34 35 36 
1 10 83 84 85 228 229 32 33 34 35 36 
1 9 83 84 85 2 3 4 168 169 170 
1 11 83 84 85 86 87 30 31 32 168 169 170 
1 9 83 84 85 86 15 16 168 169 170 
1 11 83 84 85 86 87 51 52 53 168 169 170 
1 11 83 84 85 86 87 165 166 167 168 169 170 
1 11 83 84 85 86 87 88 89 90 168 169 170 
1 9 83 84 85 228 229 230 168 169 170 
1 10 83 84 85 86 3 4 161 162 163 164 
1 10 83 84 85 86 15 16 161 162 163 164 
1 11 83 84 85 86 30 31 32 33 162 163 164 
1 12 83 84 85 86 87 88 89 90 161 162 163 164 
1 11 83 84 85 86 87 88 89 90 162 163 164 
1 11 83 84 85 86 158 159 160 161 162 163 164 
1 11 83 84 85 86 87 88 89 161 162 163 164 
1 10 83 84 85 86 87 88 89 162 163 164 
1 6 107 108 109 158 159 160 
1 7 107 108 109 110 31 32 33 
1 7 107 108 109 110 165 166 167 
1 7 107 108 109 158 159 160 161 
1 6 107 108 109 110 216 217 
1 8 107 108 109 110 31 32 33 34 
1 6 107 108 109 200 201 202 
1 6 107 108 109 110 201 202 
1 6 107 108 109 110 230 231 
1 6 107 108 109 110 16 17 
1 8 107 108 109 110 32 33 34 35 
1 8 107 108 109 110 111 112 202 203 
1 7 107 108 109 200 201 202 203 
1 8 107 108 109 110 111 112 231 232 
1 9 107 108 109 110 68 69 70 71 72 
1 8 107 108 109 110 111 112 17 18 
1 8 107 108 109 110 111 112 6 7 
1 10 107 108 109 110 31 32 33 34 35 36 
1 9 107 108 109 110 111 112 34 35 36 
1 10 107 108 109 110 30 31 32 168 169 170 
1 9 107 108 109 110 111 53 54 55 56 
1 9 107 108 109 110 111 112 54 55 56 
1 9 107 108 109 3 4 168 169 170 171 
1 11 107 108 109 110 30 31 32 168 169 170 171 
1 9 107 108 109 15 16 168 169 170 171 
1 10 107 108 109 110 111 112 168 169 170 171 
1 9 107 108 109 15 16 161 162 163 164 
1 10 107 108 109 158 159 160 161 162 163 164 
1 9 107 108 109 110 111 112 162 163 164 
1 9 107 108 109 30 31 32 202 203 204 
1 9 107 108 109 110 111 112 202 203 204 
1 8 107 108 109 200 201 202 203 204 
1 9 107 108 109 110 111 112 113 203 204 
1 8 107 108 109 110 216 217 203 204 
1 8 107 108 109 3 4 5 232 233 
1 9 107 108 109 110 30 31 32 232 233 
1 9 107 108 109 110 111 112 231 232 233 
1 9 107 108 109 110 111 112 113 232 233 
1 9 107 108 109 4 5 34 35 36 37 
1 11 107 108 109 30 31 32 33 34 35 36 37 
1 11 107 108 109 110 111 32 33 34 35 36 37 
1 11 107 108 109 110 31 32 33 34 35 36 37 
1 10 107 108 109 110 111 33 34 35 36 37 
1 9 107 108 109 110 111 112 35 36 37 
1 9 107 108 109 110 111 34 35 36 37 
1 10 107 108 109 110 165 166 167 35 36 37 
1 9 107 108 109 110 30 31 32 7 8 
1 9 107 108 109 110 111 112 6 7 8 
1 9 107 108 109 110 111 112 113 7 8 
1 8 107 108 109 110 111 112 7 8 
1 8 107 108 109 110 216 217 7 8 
1 9 107 108 109 110 111 112 17 18 19 
1 8 107 108 109 15 16 17 18 19 
1 9 107 108 109 110 111 112 113 18 19 
1 8 107 108 109 110 216 217 18 19 
1 6 0 1 2 3 230 231 
1 7 0 1 149 150 151 152 153 
1 7 0 1 2 3 53 54 55 
1 8 0 1 111 112 113 114 115 116 
1 7 0 1 2 200 201 202 203 
1 7 0 1 2 3 230 231 232 
1 7 0 1 2 3 4 231 232 
1 8 0 1 2 68 69 70 71 72 
1 8 0 1 111 112 113 114 35 36 
1 8 0 1 2 165 166 167 35 36 
1 8 0 1 2 3 4 92 93 94 
1 8 0 1 2 3 4 54 55 56 
1 9 0 1 87 88 89 53 54 55 56 
1 10 0 1 87 88 89 90 168 169 170 171 
1 10 0 1 2 158 159 160 161 162 163 164 
1 9 0 1 2 3 4 161 162 163 164 
1 8 0 1 2 3 4 162 163 164 
1 10 0 1 87 88 89 90 161 162 163 164 
1 9 0 1 110 111 112 161 162 163 164 
1 8 0 1 2 52 53 135 136 137 
1 9 0 1 2 3 133 134 135 136 137 
1 8 0 1 2 3 4 5 136 137 
1 8 0 1 2 216 217 135 136 137 
1 7 0 1 228 229 230 136 137 
1 7 0 1 89 90 202 203 204 
1 8 0 1 2 165 166 167 203 204 
1 8 0 1 2 3 201 202 203 204 
1 8 0 1 2 3 4 202 203 204 
1 8 0 1 2 88 89 90 203 204 
1 8 0 1 110 111 112 113 203 204 
1 7 0 1 228 229 202 203 204 
1 8 0 1 2 112 113 114 232 233 
1 8 0 1 2 112 113 231 232 233 
1 7 0 1 2 216 217 232 233 
1 8 0 1 2 3 230 231 232 233 
1 8 0 1 2 3 4 231 232 233 
1 8 0 1 2 88 89 90 232 233 
1 8 0 1 110 111 112 231 232 233 
1 8 0 1 2 3 112 113 232 233 
1 8 0 1 2 149 150 151 232 233 
1 10 0 1 2 3 32 33 34 35 36 37 
1 9 0 1 2 3 4 34 35 36 37 
1 9 0 1 2 3 33 34 35 36 37 
1 10 0 1 2 31 32 33 34 35 36 37 
1 10 0 1 2 158 159 160 161 35 36 37 
1 9 0 1 2 165 166 167 35 36 37 
1 10 0 1 87 88 89 90 34 35 36 37 
1 10 0 1 110 111 32 33 34 35 36 37 
1 8 0 1 228 229 34 35 36 37 
1 5 12 13 51 52 53 
1 4 12 13 113 114 
1 5 12 13 14 230 231 
1 6 12 13 51 52 53 54 
1 5 12 13 113 114 115 
1 6 12 13 14 151 152 153 
1 5 12 13 14 217 218 
1 7 12 13 14 32 33 34 35 
1 6 12 13 14 33 34 35 
1 7 12 13 51 52 53 54 55 
1 6 12 13 113 114 115 116 
1 6 12 13 14 114 115 116 
1 7 12 13 68 69 70 71 72 
1 8 12 13 14 32 33 34 35 36 
1 7 12 13 14 15 16 203 204 
1 7 12 13 14 201 202 203 204 
1 7 12 13 14 15 231 232 233 
1 7 12 13 14 15 16 232 233 
1 9 12 13 31 32 33 34 35 36 37 
1 8 12 13 14 15 16 55 56 57 
1 7 12 13 216 217 218 56 57 
1 8 12 13 14 15 91 92 56 57 
1 9 12 13 51 52 53 54 116 117 118 
1 8 12 13 14 201 202 116 117 118 
1 9 12 13 30 31 32 33 116 117 118 
1 8 12 13 158 159 160 116 117 118 
1 7 12 13 51 52 53 54 219 
1 6 12 13 14 201 202 219 
1 6 12 13 14 15 218 219 
1 6 12 13 14 15 16 219 
1 7 12 13 30 31 32 218 219 
1 7 12 13 14 51 52 53 219 
1 7 12 13 14 112 113 114 219 
1 10 12 13 51 52 53 153 154 155 156 157 
1 10 12 13 14 15 152 153 154 155 156 157 
1 10 12 13 14 151 152 153 154 155 156 157 
1 9 12 13 216 217 153 154 155 156 157 
1 10 12 13 30 31 32 33 154 155 156 157 
1 10 12 13 30 31 32 153 154 155 156 157 
1 9 12 13 89 90 91 154 155 156 157 
1 10 12 13 14 112 113 153 154 155 156 157 
1 10 12 13 31 32 33 34 35 36 37 38 
1 8 12 13 14 15 35 36 37 38 
1 9 12 13 14 133 134 135 36 37 38 
1 9 12 13 14 15 133 134 36 37 38 
1 10 12 13 31 32 33 34 93 94 95 96 
1 9 12 13 68 69 70 71 72 95 96 
1 9 12 13 14 15 92 93 94 95 96 
1 8 12 13 14 15 16 17 95 96 
1 8 12 13 14 15 202 203 95 96 
1 8 12 13 14 15 231 232 95 96 
1 10 12 13 14 31 32 33 34 94 95 96 
1 9 12 13 30 31 32 33 94 95 96 
1 9 12 13 158 159 160 161 94 95 96 
1 5 213 214 215 114 115 
1 5 213 214 215 134 135 
1 6 213 214 215 33 34 35 
1 6 213 214 215 53 54 55 
1 5 213 214 215 92 93 
1 6 213 214 215 114 115 116 
1 5 213 214 215 202 203 
1 5 213 214 215 231 232 
1 5 213 214 215 17 18 
1 5 213 214 215 6 7 
1 7 213 214 215 33 34 35 36 
1 6 213 214 215 216 35 36 
1 7 213 214 215 216 168 169 170 
1 6 213 214 215 216 93 94 
1 6 213 214 215 92 93 94 
1 7 213 214 215 53 54 55 56 
1 8 213 214 215 216 168 169 170 171 
1 7 213 214 215 216 162 163 164 
1 7 213 214 215 161 162 163 164 
1 7 213 214 215 216 135 136 137 
1 7 213 214 215 134 135 136 137 
1 6 213 214 215 202 203 204 
1 6 213 214 215 216 203 204 
1 6 213 214 215 231 232 233 
1 6 213 214 215 216 232 233 
1 8 213 214 215 33 34 35 36 37 
1 7 213 214 215 216 35 36 37 
1 6 213 214 215 216 7 8 
1 6 213 214 215 6 7 8 
1 6 213 214 215 17 18 19 
1 6 213 214 215 216 18 19 
1 8 213 214 215 53 54 55 56 57 
1 7 213 214 215 216 217 56 57 
1 7 213 214 215 216 55 56 57 
1 8 213 214 215 114 115 116 117 118 
1 7 213 214 215 216 217 117 118 
1 7 213 214 215 216 116 117 118 
1 9 213 214 215 113 114 154 155 156 157 
1 9 213 214 215 114 115 154 155 156 157 
1 9 213 214 215 216 217 154 155 156 157 
1 9 213 214 215 216 153 154 155 156 157 
1 9 213 214 215 152 153 154 155 156 157 
1 8 213 214 215 113 114 36 37 38 
1 9 213 214 215 33 34 35 36 37 38 
1 8 213 214 215 216 35 36 37 38 
1 8 213 214 215 216 217 36 37 38 
1 7 213 214 215 216 36 37 38 
1 8 213 214 215 134 135 36 37 38 
1 8 213 214 215 53 54 55 95 96 
1 8 213 214 215 216 217 94 95 96 
1 8 213 214 215 216 93 94 95 96 
1 8 213 214 215 92 93 94 95 96 
1 7 213 214 215 216 217 95 96 
1 4 28 29 90 91 
1 4 28 29 133 134 
1 5 28 29 30 91 92 
1 5 28 29 90 91 92 
1 4 28 29 201 202 
1 4 28 29 230 231 
1 4 28 29 5 6 
1 5 28 29 30 134 135 
1 5 28 29 133 134 135 
1 5 28 29 30 217 218 
1 5 28 29 30 115 116 
1 5 28 29 30 202 203 
1 5 28 29 30 231 232 
1 5 28 29 30 6 7 
1 8 28 29 30 31 32 168 169 170 
1 7 28 29 30 31 32 203 204 
1 7 28 29 30 31 32 7 8 
1 7 28 29 30 31 32 18 19 
1 9 28 29 30 31 32 115 116 117 118 
1 9 28 29 30 31 32 33 116 117 118 
1 8 28 29 113 114 115 116 117 118 
1 6 28 29 113 114 115 219 
1 8 28 29 30 31 32 33 34 219 
1 7 28 29 30 31 32 218 219 
1 6 28 29 30 217 218 219 
1 7 28 29 30 31 32 33 219 
1 9 28 29 90 91 153 154 155 156 157 
1 9 28 29 113 114 115 154 155 156 157 
1 9 28 29 30 114 115 154 155 156 157 
1 11 28 29 30 31 32 33 34 154 155 156 157 
1 10 28 29 30 31 32 33 154 155 156 157 
1 10 28 29 30 31 32 153 154 155 156 157 
1 9 28 29 30 152 153 154 155 156 157 
1 9 28 29 151 152 153 154 155 156 157 
1 7 28 29 4 5 6 95 96 
1 7 28 29 5 6 7 95 96 
1 9 28 29 90 91 92 93 94 95 96 
1 9 28 29 30 31 92 93 94 95 96 
1 10 28 29 30 31 32 33 34 94 95 96 
1 9 28 29 30 31 32 93 94 95 96 
1 9 28 29 30 31 32 33 94 95 96 
1 8 28 29 30 31 93 94 95 96 
1 8 28 29 30 217 218 94 95 96 
1 9 28 29 165 166 167 168 169 95 96 
1 5 86 87 88 230 231 
1 7 86 87 88 201 202 203 204 
1 7 86 87 88 89 202 203 204 
1 7 86 87 88 89 90 203 204 
1 7 86 87 88 89 90 232 233 
1 7 86 87 88 89 6 7 8 
1 9 86 87 88 89 90 91 92 56 57 
1 9 86 87 88 89 53 54 55 56 57 
1 7 86 87 88 89 90 218 219 
1 6 86 87 88 217 218 219 
1 6 86 87 88 89 90 219 
1 10 86 87 88 89 90 91 154 155 156 157 
1 10 86 87 88 89 152 153 154 155 156 157 
1 9 86 87 88 89 90 91 36 37 38 
1 5 198 199 230 231 232 
1 5 198 199 200 231 232 
1 5 198 199 200 17 18 
1 5 198 199 16 17 18 
1 5 198 199 5 6 7 
1 5 198 199 200 6 7 
1 7 198 199 32 33 34 35 36 
1 6 198 199 200 34 35 36 
1 5 198 199 200 35 36 
1 6 198 199 200 168 169 170 
1 6 198 199 200 92 93 94 
1 6 198 199 91 92 93 94 
1 6 198 199 200 54 55 56 
1 6 198 199 53 54 55 56 
1 7 198 199 200 168 169 170 171 
1 7 198 199 200 161 162 163 164 
1 7 198 199 133 134 135 136 137 
1 6 198 199 200 201 136 137 
1 6 198 199 200 135 136 137 
1 6 198 199 230 231 232 233 
1 6 198 199 200 231 232 233 
1 6 198 199 200 201 232 233 
1 5 198 199 200 232 233 
1 8 198 199 32 33 34 35 36 37 
1 7 198 199 200 34 35 36 37 
1 6 198 199 5 6 7 8 
1 6 198 199 200 201 7 8 
1 6 198 199 200 6 7 8 
1 5 198 199 200 7 8 
1 6 198 199 200 17 18 19 
1 6 198 199 16 17 18 19 
1 6 198 199 200 201 18 19 
1 7 198 199 200 201 55 56 57 
1 7 198 199 200 54 55 56 57 
1 7 198 199 53 54 55 56 57 
1 6 198 199 200 201 56 57 
1 7 198 199 200 201 116 117 118 
1 7 198 199 200 115 116 117 118 
1 7 198 199 114 115 116 117 118 
1 6 198 199 200 201 117 118 
1 5 198 199 217 218 219 
1 5 198 199 200 218 219 
1 5 198 199 200 201 219 
1 9 198 199 51 52 53 154 155 156 157 
1 9 198 199 112 113 153 154 155 156 157 
1 8 198 199 16 17 154 155 156 157 
1 9 198 199 200 152 153 154 155 156 157 
1 9 198 199 151 152 153 154 155 156 157 
1 8 198 199 200 201 154 155 156 157 
1 8 198 199 200 153 154 155 156 157 
1 8 198 199 112 113 114 36 37 38 
1 8 198 199 200 133 134 36 37 38 
1 9 198 199 32 33 34 35 36 37 38 
1 8 198 199 200 34 35 36 37 38 
1 7 198 199 200 201 36 37 38 
1 8 198 199 151 152 153 36 37 38 
1 8 198 199 51 52 53 54 95 96 
1 8 198 199 200 151 152 153 95 96 
1 7 198 199 5 6 7 95 96 
1 8 198 199 200 92 93 94 95 96 
1 8 198 199 91 92 93 94 95 96 
1 7 198 199 200 201 202 95 96 
1 7 198 199 200 201 94 95 96 
1 7 198 199 230 231 232 95 96 
1 4 49 50 133 134 
1 4 49 50 91 92 
1 5 49 50 51 114 115 
1 5 49 50 133 134 135 
1 5 49 50 51 134 135 
1 5 49 50 151 152 153 
1 5 49 50 51 217 218 
1 5 49 50 91 92 93 
1 5 49 50 51 92 93 
1 6 49 50 51 114 115 116 
1 5 49 50 51 202 203 
1 5 49 50 51 231 232 
1 5 49 50 51 17 18 
1 5 49 50 51 6 7 
1 6 49 50 51 168 169 170 
1 6 49 50 91 92 93 94 
1 6 49 50 51 52 93 94 
1 6 49 50 51 92 93 94 
1 7 49 50 51 168 169 170 171 
1 7 49 50 51 161 162 163 164 
1 7 49 50 133 134 135 136 137 
1 7 49 50 51 52 53 136 137 
1 7 49 50 51 52 135 136 137 
1 7 49 50 51 134 135 136 137 
1 6 49 50 51 52 136 137 
1 6 49 50 51 135 136 137 
1 6 49 50 51 52 203 204 
1 6 49 50 51 202 203 204 
1 6 49 50 51 52 232 233 
1 6 49 50 51 231 232 233 
1 6 49 50 51 52 7 8 
1 6 49 50 51 6 7 8 
1 6 49 50 51 52 18 19 
1 6 49 50 51 17 18 19 
1 8 49 50 51 52 53 116 117 118 
1 8 49 50 51 114 115 116 117 118 
1 7 49 50 51 52 53 117 118 
1 6 49 50 51 217 218 219 
1 6 49 50 51 52 53 219 
1 5 49 50 51 52 219 
1 9 49 50 151 152 153 154 155 156 157 
1 9 49 50 51 52 153 154 155 156 157 
1 9 49 50 51 52 53 154 155 156 157 
1 9 49 50 51 152 153 154 155 156 157 
1 8 49 50 51 52 154 155 156 157 
1 8 49 50 91 92 93 94 95 96 
1 8 49 50 51 52 93 94 95 96 
1 8 49 50 51 52 53 54 95 96 
1 8 49 50 51 52 53 94 95 96 
1 8 49 50 51 92 93 94 95 96 
1 7 49 50 51 52 94 95 96 
1 8 49 50 51 217 218 94 95 96 
1 4 2 3 230 231 
1 6 2 3 4 168 169 170 
1 6 2 3 4 54 55 56 
1 6 2 3 53 54 55 56 
1 7 2 3 133 134 135 136 137 
1 6 2 3 4 5 203 204 
1 6 2 3 4 5 232 233 
1 7 2 3 4 5 55 56 57 
1 7 2 3 4 5 116 117 118 
1 7 2 3 4 115 116 117 118 
1 7 2 3 114 115 116 117 118 
1 5 2 3 217 218 219 
1 5 2 3 4 5 219 
1 5 2 3 4 218 219 
1 9 2 3 4 152 153 154 155 156 157 
1 8 2 3 4 5 154 155 156 157 
1 9 2 3 32 33 34 35 36 37 38 
1 7 2 3 4 5 36 37 38 
1 8 2 3 4 133 134 36 37 38 
1 7 2 3 4 5 6 95 96 
1 7 2 3 4 5 94 95 96 
1 8 2 3 4 151 152 153 95 96 
1 6 87 88 89 6 7 8 
1 6 87 88 89 17 18 19 
1 8 87 88 89 90 91 92 56 57 
1 7 87 88 89 90 91 56 57 
1 7 87 88 89 90 55 56 57 
1 9 87 88 89 90 153 154 155 156 157 
1 4 110 111 217 218 
1 5 110 111 112 6 7 
1 6 110 111 112 168 169 170 
1 7 110 111 112 168 169 170 171 
1 7 110 111 112 161 162 163 164 
1 6 110 111 112 113 203 204 
1 5 110 111 217 218 219 
1 5 110 111 112 218 219 
1 9 110 111 112 113 153 154 155 156 157 
1 9 110 111 112 113 114 154 155 156 157 
1 6 3 4 5 6 95 96 
1 4 228 229 92 93 
1 4 228 229 115 116 
1 4 228 229 202 203 
1 4 228 229 17 18 
1 4 228 229 6 7 
1 5 228 229 34 35 36 
1 5 228 229 168 169 170 
1 5 228 229 92 93 94 
1 5 228 229 54 55 56 
1 6 228 229 168 169 170 171 
1 6 228 229 161 162 163 164 
1 5 228 229 230 136 137 
1 5 228 229 135 136 137 
1 5 228 229 202 203 204 
1 5 228 229 230 203 204 
1 6 228 229 34 35 36 37 
1 5 228 229 230 7 8 
1 5 228 229 6 7 8 
1 5 228 229 17 18 19 
1 5 228 229 230 18 19 
1 6 228 229 230 55 56 57 
1 6 228 229 54 55 56 57 
1 6 228 229 230 116 117 118 
1 6 228 229 115 116 117 118 
1 5 228 229 230 117 118 
1 4 228 229 218 219 
1 4 228 229 230 219 
1 8 228 229 152 153 154 155 156 157 
1 7 228 229 230 154 155 156 157 
1 7 228 229 34 35 36 37 38 
1 6 228 229 230 36 37 38 
1 7 228 229 92 93 94 95 96 
1 6 228 229 230 231 95 96 
1 6 228 229 230 94 95 96 
1 11 130 131 132 133 17 18 175 176 177 178 179 
1 12 130 131 132 33 34 35 36 175 176 177 178 179 
1 11 130 131 132 54 55 56 175 176 177 178 179 
1 9 130 131 132 133 6 7 73 74 75 
1 9 130 131 132 133 7 8 73 74 75 
1 10 130 131 132 133 134 135 136 73 74 75 
1 9 130 131 132 133 232 233 73 74 75 
1 11 130 131 132 133 161 162 163 164 73 74 75 
1 9 130 131 132 133 6 7 234 235 236 
1 9 130 131 132 133 17 18 234 235 236 
1 9 130 131 132 33 34 35 234 235 236 
1 9 130 131 132 53 54 55 234 235 236 
1 9 130 131 132 53 54 55 56 235 236 
1 7 130 131 132 218 219 235 236 
1 9 130 131 132 133 232 233 234 235 236 
1 9 130 131 132 133 134 233 234 235 236 
1 9 130 131 132 133 134 135 234 235 236 
1 9 130 131 132 133 134 135 136 235 236 
1 10 130 131 132 133 161 162 163 164 235 236 
1 8 130 131 132 217 218 234 235 236 
1 10 130 131 132 133 6 7 38 39 40 41 
1 10 130 131 132 133 17 18 38 39 40 41 
1 9 130 131 132 133 18 19 20 40 41 
1 11 130 131 132 133 134 36 37 38 39 40 41 
1 11 130 131 132 133 134 135 37 38 39 40 41 
1 10 130 131 132 133 134 135 136 39 40 41 
1 8 130 131 132 133 219 39 40 41 
1 11 130 131 132 133 161 162 163 164 39 40 41 
1 9 130 131 132 217 218 38 39 40 41 
1 9 130 131 132 33 34 35 20 21 22 
1 9 130 131 132 33 34 35 36 21 22 
1 9 130 131 132 133 54 55 56 21 22 
1 9 130 131 132 133 18 19 20 21 22 
1 9 130 131 132 133 134 19 20 21 22 
1 9 130 131 132 133 134 135 20 21 22 
1 9 130 131 132 133 134 135 136 21 22 
1 7 130 131 132 133 219 21 22 
1 10 130 131 132 133 161 162 163 164 21 22 
1 8 130 131 132 217 218 20 21 22 
1 9 130 131 132 133 6 7 205 206 207 
1 9 130 131 132 133 17 18 205 206 207 
1 9 130 131 132 33 34 35 205 206 207 
1 9 130 131 132 53 54 55 205 206 207 
1 8 130 131 132 133 7 8 206 207 
1 10 130 131 132 133 134 36 37 38 206 207 
1 9 130 131 132 133 203 204 205 206 207 
1 9 130 131 132 133 134 204 205 206 207 
1 9 130 131 132 133 134 135 205 206 207 
1 9 130 131 132 133 134 135 136 206 207 
1 8 130 131 132 133 232 233 206 207 
1 10 130 131 132 133 161 162 163 164 206 207 
1 8 130 131 132 217 218 205 206 207 
1 9 130 131 132 33 34 35 9 10 11 
1 9 130 131 132 33 34 35 36 10 11 
1 9 130 131 132 133 54 55 56 10 11 
1 9 130 131 132 133 7 8 9 10 11 
1 9 130 131 132 133 134 8 9 10 11 
1 9 130 131 132 133 134 135 9 10 11 
1 9 130 131 132 133 134 135 136 10 11 
1 7 130 131 132 133 219 10 11 
1 10 130 131 132 133 161 162 163 164 10 11 
1 8 130 131 132 217 218 9 10 11 
1 11 88 89 90 91 35 36 175 176 177 178 179 
1 8 88 89 90 18 19 20 21 22 
1 9 88 89 90 18 19 58 59 60 61 
1 11 88 89 90 91 92 56 57 58 59 60 61 
1 11 88 89 90 91 92 93 94 58 59 60 61 
1 9 88 89 90 202 203 58 59 60 61 
1 9 88 89 90 91 92 56 57 191 192 
1 9 88 89 90 91 92 93 94 191 192 
1 7 88 89 90 91 219 191 192 
1 11 111 112 113 114 115 116 175 176 177 178 179 
1 8 111 112 5 6 7 73 74 75 
1 8 111 112 16 17 18 73 74 75 
1 10 111 112 113 161 162 163 164 73 74 75 
1 8 111 112 113 17 18 234 235 236 
1 9 111 112 113 114 36 37 38 235 236 
1 9 111 112 113 114 115 116 117 235 236 
1 9 111 112 113 17 18 38 39 40 41 
1 10 111 112 113 114 115 116 117 39 40 41 
1 10 111 112 113 114 115 37 38 39 40 41 
1 9 111 112 113 114 37 38 39 40 41 
1 9 111 112 113 114 115 116 117 21 22 
1 8 111 112 113 114 115 116 21 22 
1 8 111 112 5 6 7 205 206 207 
1 8 111 112 16 17 204 205 206 207 
1 8 111 112 16 17 18 205 206 207 
1 7 111 112 16 17 18 206 207 
1 9 111 112 113 114 115 116 117 206 207 
1 8 111 112 113 114 204 205 206 207 
1 8 111 112 113 7 8 9 10 11 
1 9 111 112 113 114 115 116 117 10 11 
1 8 111 112 113 114 8 9 10 11 
1 8 111 112 113 114 115 9 10 11 
1 10 111 112 113 153 154 155 156 157 10 11 
1 9 111 112 113 17 18 58 59 60 61 
1 10 111 112 113 114 115 57 58 59 60 61 
1 10 111 112 113 55 56 57 58 59 60 61 
1 10 111 112 113 114 115 116 117 59 60 61 
1 9 111 112 113 114 57 58 59 60 61 
1 8 111 112 113 114 219 220 60 61 
1 8 111 112 113 34 35 36 191 192 
1 7 111 112 113 202 203 191 192 
1 10 14 15 16 17 18 175 176 177 178 179 
1 8 14 15 16 17 18 73 74 75 
1 9 14 15 92 93 94 95 73 74 75 
1 8 14 15 16 203 204 73 74 75 
1 9 14 15 16 92 93 94 73 74 75 
1 10 14 15 16 161 162 163 164 73 74 75 
1 9 14 15 16 17 137 138 139 140 141 
1 8 14 15 16 17 233 234 235 236 
1 8 14 15 16 92 93 94 235 236 
1 10 14 15 16 161 162 163 164 39 40 41 
1 9 14 15 16 161 162 163 164 40 41 
1 8 14 15 16 17 137 138 206 207 
1 8 14 15 16 17 204 205 206 207 
1 8 14 15 16 203 204 205 206 207 
1 8 14 15 16 17 18 205 206 207 
1 8 14 15 16 115 116 205 206 207 
1 8 14 15 16 17 116 117 206 207 
1 8 14 15 16 17 136 137 206 207 
1 10 14 15 16 55 56 57 58 59 60 61 
1 10 14 15 91 92 56 57 58 59 60 61 
1 9 14 15 16 17 116 117 59 60 61 
1 10 14 15 133 134 56 57 58 59 60 61 
1 9 14 15 16 17 136 137 59 60 61 
1 9 14 15 16 17 37 38 39 121 122 
1 10 14 15 16 116 117 118 119 120 121 122 
1 9 14 15 16 17 118 119 120 121 122 
1 9 14 15 16 17 204 205 120 121 122 
1 9 14 15 16 203 204 205 120 121 122 
1 9 14 15 16 17 233 234 120 121 122 
1 9 14 15 16 232 233 234 120 121 122 
1 11 14 15 32 33 34 35 36 119 120 121 122 
1 10 14 15 16 54 55 56 119 120 121 122 
1 11 14 15 16 161 162 163 164 119 120 121 122 
1 9 14 15 217 218 118 119 120 121 122 
1 8 14 15 16 115 116 117 191 192 
1 8 14 15 133 134 135 136 191 192 
1 11 14 15 16 17 18 175 176 177 178 179 180 
1 12 14 15 16 34 35 36 175 176 177 178 179 180 
1 13 14 15 32 33 34 35 36 175 176 177 178 179 180 
1 12 14 15 133 134 135 136 175 176 177 178 179 180 
1 10 14 15 91 92 93 94 73 74 75 76 
1 10 14 15 16 92 93 94 73 74 75 76 
1 10 14 15 133 134 135 136 73 74 75 76 
1 11 14 15 16 161 162 163 164 73 74 75 76 
1 11 14 15 16 168 169 170 171 73 74 75 76 
1 9 14 15 16 55 56 57 220 221 222 
1 8 14 15 16 17 233 234 221 222 
1 10 14 15 32 33 34 35 36 220 221 222 
1 9 14 15 16 54 55 56 220 221 222 
1 9 14 15 91 92 93 94 220 221 222 
1 9 14 15 16 92 93 94 220 221 222 
1 8 14 15 16 115 116 220 221 222 
1 9 14 15 133 134 135 136 220 221 222 
1 10 14 15 16 161 162 163 164 220 221 222 
1 10 14 15 16 168 169 170 171 220 221 222 
1 8 149 150 151 18 19 73 74 75 
1 8 149 150 151 152 19 20 140 141 
1 8 149 150 151 152 232 233 140 141 
1 8 149 150 151 116 117 118 235 236 
1 9 149 150 151 152 136 137 39 40 41 
1 9 149 150 151 152 37 38 39 40 41 
1 8 149 150 93 94 38 39 40 41 
1 8 149 150 151 152 116 117 21 22 
1 8 149 150 151 18 19 20 21 22 
1 8 149 150 134 135 136 137 206 207 
1 8 149 150 151 152 116 117 10 11 
1 8 149 150 151 152 136 137 10 11 
1 8 149 150 134 135 136 137 10 11 
1 8 149 150 151 7 8 9 10 11 
1 9 149 150 151 152 153 95 96 10 11 
1 6 149 150 151 219 10 11 
1 8 149 150 151 152 203 204 10 11 
1 10 149 150 151 55 56 57 58 59 60 61 
1 10 149 150 151 152 56 57 58 59 60 61 
1 10 149 150 151 152 153 57 58 59 60 61 
1 8 149 150 116 117 118 119 60 61 
1 9 149 150 135 136 137 138 59 60 61 
1 9 149 150 135 136 57 58 59 60 61 
1 6 149 150 219 220 60 61 
1 10 149 150 33 34 35 36 119 120 121 122 
1 10 149 150 151 54 55 56 119 120 121 122 
1 9 149 150 151 7 8 9 120 121 122 
1 9 149 150 151 18 19 20 120 121 122 
1 10 149 150 151 152 117 118 119 120 121 122 
1 9 149 150 151 152 118 119 120 121 122 
1 9 149 150 33 34 35 36 37 191 192 
1 8 149 150 151 34 35 36 191 192 
1 8 149 150 33 34 35 36 191 192 
1 8 149 150 53 54 55 56 191 192 
1 8 149 150 151 152 203 204 191 192 
1 8 149 150 151 152 232 233 191 192 
1 10 149 150 151 92 93 94 73 74 75 76 
1 9 149 150 134 135 136 73 74 75 76 
1 9 149 150 151 18 19 73 74 75 76 
1 10 149 150 151 152 94 95 73 74 75 76 
1 9 149 150 151 232 233 73 74 75 76 
1 9 149 150 33 34 35 36 220 221 222 
1 9 149 150 53 54 55 56 220 221 222 
1 9 149 150 151 54 55 56 220 221 222 
1 8 149 150 151 54 55 56 221 222 
1 9 149 150 151 92 93 94 220 221 222 
1 8 149 150 151 152 116 117 221 222 
1 8 149 150 134 135 136 220 221 222 
1 8 149 150 151 152 136 137 221 222 
1 8 149 150 151 7 8 9 221 222 
1 8 149 150 151 18 19 220 221 222 
1 7 149 150 18 19 220 221 222 
1 9 149 150 151 55 56 57 220 221 222 
1 9 149 150 151 152 56 57 220 221 222 
1 9 149 150 151 152 94 95 220 221 222 
1 9 149 150 151 152 117 118 119 221 222 
1 8 149 150 151 203 204 205 221 222 
1 7 149 150 151 219 220 221 222 
1 8 149 150 151 232 233 220 221 222 
1 8 149 150 151 152 203 204 221 222 
1 10 30 31 92 93 94 175 176 177 178 179 
1 7 30 31 217 218 20 21 22 
1 9 30 31 32 33 34 93 94 206 207 
1 8 30 31 114 115 116 117 206 207 
1 9 30 31 32 18 19 119 120 121 122 
1 11 30 31 32 33 116 117 118 119 120 121 122 
1 11 30 31 32 33 162 163 164 119 120 121 122 
1 9 30 31 32 33 34 18 19 191 192 
1 13 30 31 32 33 34 35 36 175 176 177 178 179 180 
1 9 30 31 32 33 94 95 220 221 222 
1 9 30 31 32 33 34 219 220 221 222 
1 10 30 31 32 33 162 163 164 220 221 222 
1 12 30 31 32 6 7 175 176 177 178 179 180 181 
1 14 30 31 32 33 34 35 36 175 176 177 178 179 180 181 
1 14 30 31 32 33 34 135 136 175 176 177 178 179 180 181 
1 9 89 90 91 162 163 164 73 74 75 
1 9 89 90 91 168 169 170 171 235 236 
1 8 89 90 91 92 38 39 40 41 
1 9 89 90 91 168 169 170 171 21 22 
1 8 89 90 91 92 204 205 206 207 
1 8 89 90 91 92 8 9 10 11 
1 8 89 90 91 35 36 37 191 192 
1 8 89 90 91 36 37 38 191 192 
1 10 89 90 91 162 163 164 73 74 75 76 
1 9 89 90 91 162 163 164 220 221 222 
1 10 89 90 91 92 93 94 95 40 41 42 
1 10 89 90 91 92 93 38 39 40 41 42 
1 9 89 90 91 92 204 205 40 41 42 
1 9 89 90 91 92 233 234 40 41 42 
1 7 200 201 202 203 204 140 141 
1 9 200 201 168 169 170 171 39 40 41 
1 7 200 201 202 136 137 21 22 
1 7 200 201 202 203 204 21 22 
1 7 200 201 202 95 96 21 22 
1 7 200 201 202 116 117 10 11 
1 7 200 201 202 203 204 10 11 
1 7 200 201 202 95 96 10 11 
1 8 200 201 202 116 117 59 60 61 
1 9 200 201 168 169 170 58 59 60 61 
1 7 200 201 202 203 204 60 61 
1 6 200 201 202 219 60 61 
1 9 200 201 168 169 170 119 120 121 122 
1 8 200 201 202 118 119 120 121 122 
1 6 200 201 219 220 121 122 
1 6 200 201 202 219 121 122 
1 6 200 201 218 219 121 122 
1 8 200 201 161 162 163 164 191 192 
1 8 200 201 115 116 73 74 75 76 
1 10 200 201 168 169 170 171 73 74 75 76 
1 8 200 201 18 19 73 74 75 76 
1 7 200 201 202 136 137 221 222 
1 7 200 201 202 19 20 221 222 
1 7 200 201 202 95 96 221 222 
1 8 200 201 116 117 118 119 221 222 
1 6 200 201 219 220 221 222 
1 7 200 201 202 203 204 221 222 
1 7 200 201 232 233 220 221 222 
1 9 200 201 202 203 38 39 40 41 42 
1 9 200 201 116 117 118 119 40 41 42 
1 7 200 201 218 219 40 41 42 
1 9 200 201 34 35 36 37 235 236 237 
1 8 200 201 202 233 234 235 236 237 
1 8 200 201 202 203 234 235 236 237 
1 8 200 201 202 203 204 235 236 237 
1 10 200 201 92 93 94 58 59 60 61 62 
1 8 200 201 202 19 20 21 61 62 
1 9 200 201 202 203 204 59 60 61 62 
1 9 200 201 202 203 58 59 60 61 62 
1 7 200 201 218 219 60 61 62 
1 7 15 16 17 18 73 74 75 
1 9 15 16 161 162 163 164 73 74 75 
1 8 15 16 92 93 94 95 40 41 
1 9 15 16 168 169 170 171 39 40 41 
1 8 15 16 115 116 117 59 60 61 
1 7 15 16 115 116 117 191 192 
1 7 15 16 17 136 137 191 192 
1 9 15 16 161 162 163 164 220 221 222 
1 9 15 16 17 18 38 39 40 41 42 
1 8 15 16 17 204 205 206 41 42 
1 10 15 16 168 169 170 171 39 40 41 42 
1 8 15 16 17 204 205 206 99 100 
1 8 15 16 17 233 234 235 236 237 
1 8 15 16 17 18 19 235 236 237 
1 8 15 16 17 18 234 235 236 237 
1 9 15 16 168 169 170 171 235 236 237 
1 9 15 16 17 18 19 59 60 61 62 
1 9 15 16 17 18 58 59 60 61 62 
1 9 15 16 17 57 58 59 60 61 62 
1 8 15 16 17 204 205 206 61 62 
1 10 15 16 92 93 94 58 59 60 61 62 
1 10 15 16 161 162 163 164 59 60 61 62 
1 10 158 159 160 161 162 163 164 73 74 75 
1 8 158 159 160 56 57 58 140 141 
1 10 158 159 160 161 162 163 164 139 140 141 
1 9 158 159 160 161 135 136 137 235 236 
1 8 158 159 160 116 117 118 235 236 
1 9 158 159 160 161 94 95 39 40 41 
1 9 158 159 160 161 117 118 39 40 41 
1 10 158 159 160 161 136 137 38 39 40 41 
1 9 158 159 160 161 135 136 137 21 22 
1 8 158 159 160 161 18 19 206 207 
1 9 158 159 160 161 162 163 164 206 207 
1 9 158 159 160 161 136 137 9 10 11 
1 8 158 159 160 136 137 9 10 11 
1 9 158 159 160 161 117 118 119 60 61 
1 10 158 159 160 161 136 137 58 59 60 61 
1 9 158 159 160 136 137 138 59 60 61 
1 7 158 159 160 219 59 60 61 
1 10 158 159 160 161 162 163 164 120 121 122 
1 7 158 159 160 218 219 121 122 
1 8 158 159 160 161 7 8 191 192 
1 9 158 159 160 161 36 37 38 191 192 
1 9 158 159 160 161 162 163 164 191 192 
1 8 158 159 160 161 232 233 191 192 
1 8 158 159 160 161 18 19 221 222 
1 9 158 159 160 161 55 56 57 221 222 
1 8 158 159 160 94 95 96 221 222 
1 10 158 159 160 161 94 95 96 40 41 42 
1 10 158 159 160 161 94 95 39 40 41 42 
1 9 158 159 160 94 95 96 40 41 42 
1 9 158 159 160 161 95 96 97 41 42 
1 10 158 159 160 116 117 118 39 40 41 42 
1 11 158 159 160 161 136 137 38 39 40 41 42 
1 11 158 159 160 161 35 36 96 97 98 99 100 
1 9 158 159 160 56 57 97 98 99 100 
1 11 158 159 160 161 162 163 164 73 74 99 100 
1 10 158 159 160 161 35 36 37 235 236 237 
1 9 158 159 160 36 37 38 235 236 237 
1 11 158 159 160 161 93 94 58 59 60 61 62 
1 11 158 159 160 161 135 136 58 59 60 61 62 
1 11 158 159 160 161 56 57 58 59 60 61 62 
1 11 158 159 160 161 162 163 164 119 120 61 62 
1 10 158 159 160 161 35 36 37 206 207 208 
1 10 158 159 160 161 36 37 38 39 207 208 
1 10 158 159 160 161 36 37 38 206 207 208 
1 9 158 159 160 36 37 38 206 207 208 
1 11 158 159 160 161 162 163 164 119 120 207 208 
1 10 158 159 160 161 162 163 164 206 207 208 
1 9 4 5 161 162 163 164 73 74 75 
1 7 4 5 6 233 234 235 236 
1 8 4 5 161 162 163 164 235 236 
1 6 4 5 219 39 40 41 
1 8 4 5 115 116 117 39 40 41 
1 8 4 5 115 116 117 59 60 61 
1 8 4 5 6 7 8 120 121 122 
1 8 4 5 203 204 119 120 121 122 
1 7 4 5 94 95 220 221 222 
1 7 4 5 6 204 205 221 222 
1 6 4 5 219 220 221 222 
1 9 4 5 6 7 38 39 40 41 42 
1 8 4 5 6 7 8 40 41 42 
1 8 4 5 94 95 39 40 41 42 
1 9 4 5 6 136 137 39 40 41 42 
1 7 4 5 218 219 40 41 42 
1 8 4 5 6 7 73 74 99 100 
1 8 4 5 6 7 8 98 99 100 
1 7 4 5 218 219 98 99 100 
1 7 4 5 6 204 205 236 237 
1 8 4 5 6 7 234 235 236 237 
1 8 4 5 6 233 234 235 236 237 
1 8 4 5 6 7 8 235 236 237 
1 6 4 5 6 219 236 237 
1 9 4 5 6 7 8 59 60 61 62 
1 9 4 5 6 7 58 59 60 61 62 
1 9 4 5 6 57 58 59 60 61 62 
1 10 4 5 92 93 94 58 59 60 61 62 
1 10 4 5 168 169 170 58 59 60 61 62 
1 7 4 5 218 219 60 61 62 
1 8 4 5 6 7 205 206 207 208 
1 8 4 5 6 204 205 206 207 208 
1 8 4 5 6 7 8 206 207 208 
1 7 112 113 7 8 9 10 11 
1 8 112 113 7 8 58 59 60 61 
1 7 112 113 231 232 233 191 192 
1 8 112 113 17 18 73 74 75 76 
1 7 112 113 6 7 220 221 222 
1 9 112 113 114 36 37 38 235 236 237 
1 8 112 113 114 233 234 235 236 237 
1 11 112 113 152 153 154 155 156 157 60 61 62 
1 8 112 113 17 18 19 206 207 208 
1 9 112 113 114 115 116 205 206 207 208 
1 11 112 113 161 162 163 164 73 74 75 76 77 
1 8 165 166 167 35 36 37 235 236 
1 8 165 166 167 93 94 95 40 41 
1 9 165 166 167 168 37 38 39 40 41 
1 10 165 166 167 168 169 170 171 39 40 41 
1 8 165 166 167 35 36 37 21 22 
1 9 165 166 167 168 169 95 96 21 22 
1 8 165 166 167 35 36 37 206 207 
1 8 165 166 167 136 137 138 206 207 
1 10 165 166 167 168 169 57 58 59 60 61 
1 9 165 166 167 56 57 58 59 60 61 
1 10 165 166 167 168 169 170 171 59 60 61 
1 9 165 166 167 136 137 138 139 60 61 
1 9 165 166 167 136 137 58 59 60 61 
1 9 165 166 167 168 137 138 59 60 61 
1 7 165 166 167 7 8 191 192 
1 10 165 166 167 168 169 170 73 74 75 76 
1 9 165 166 167 93 94 95 40 41 42 
1 10 165 166 167 168 169 38 39 40 41 42 
1 9 165 166 167 168 95 96 40 41 42 
1 9 165 166 167 94 95 39 40 41 42 
1 10 165 166 167 168 169 118 119 40 41 42 
1 9 165 166 167 117 118 39 40 41 42 
1 11 165 166 167 168 169 95 96 97 98 99 100 
1 11 165 166 167 168 169 170 96 97 98 99 100 
1 8 165 166 167 219 220 98 99 100 
1 9 165 166 167 35 36 37 235 236 237 
1 9 165 166 167 36 37 38 39 236 237 
1 10 165 166 167 168 169 95 96 97 236 237 
1 11 165 166 167 168 169 170 58 59 60 61 62 
1 11 165 166 167 168 169 57 58 59 60 61 62 
1 10 165 166 167 56 57 58 59 60 61 62 
1 10 165 166 167 168 169 58 59 60 61 62 
1 9 165 166 167 35 36 37 206 207 208 
1 9 165 166 167 35 36 37 21 22 23 
1 10 165 166 167 168 169 95 96 97 22 23 
1 10 165 166 167 168 169 95 96 21 22 23 
1 12 165 166 167 168 169 170 171 73 74 75 76 77 
1 11 165 166 167 168 169 95 96 97 98 76 77 
1 11 165 166 167 168 169 95 96 97 75 76 77 
1 11 165 166 167 168 169 170 96 97 98 76 77 
1 11 165 166 167 168 169 170 96 97 75 76 77 
1 10 165 166 167 168 95 96 97 75 76 77 
1 10 165 166 167 168 169 96 97 75 76 77 
1 9 165 166 167 95 96 97 98 76 77 
1 9 165 166 167 95 96 97 75 76 77 
1 11 165 166 167 168 169 170 119 120 75 76 77 
1 10 165 166 167 168 169 138 139 140 76 77 
1 9 51 52 53 54 55 138 139 140 141 
1 8 51 52 53 116 117 234 235 236 
1 8 51 52 53 54 55 234 235 236 
1 8 51 52 53 116 117 20 21 22 
1 8 51 52 53 136 137 20 21 22 
1 8 51 52 53 116 117 205 206 207 
1 8 51 52 53 54 55 205 206 207 
1 10 51 52 53 54 55 56 57 120 121 122 
1 7 51 52 53 218 219 121 122 
1 11 51 52 53 54 55 175 176 177 178 179 180 
1 8 51 52 53 54 8 9 221 222 
1 8 51 52 53 94 95 220 221 222 
1 9 51 52 53 54 55 56 220 221 222 
1 10 51 52 53 153 154 155 156 157 221 222 
1 10 51 52 53 54 55 56 97 98 99 100 
1 10 51 52 53 54 55 56 57 98 99 100 
1 8 51 52 53 218 219 98 99 100 
1 7 51 52 53 218 219 99 100 
1 8 51 52 53 117 118 235 236 237 
1 9 51 52 53 54 233 234 235 236 237 
1 9 51 52 53 135 136 137 138 236 237 
1 10 51 52 53 54 55 56 119 120 207 208 
1 8 51 52 53 117 118 206 207 208 
1 9 51 52 53 54 137 138 206 207 208 
1 9 51 52 53 54 204 205 206 207 208 
1 9 51 52 53 54 136 137 206 207 208 
1 9 51 52 53 54 19 20 21 22 23 
1 9 51 52 53 54 95 96 21 22 23 
1 10 51 52 53 54 55 56 119 120 22 23 
1 9 51 52 53 54 136 137 21 22 23 
1 10 51 52 53 54 19 20 140 141 142 143 
1 11 51 52 53 54 55 138 139 140 141 142 143 
1 11 51 52 53 54 55 56 57 140 141 142 143 
1 11 51 52 53 54 137 138 139 140 141 142 143 
1 11 51 52 53 54 55 56 139 140 141 142 143 
1 10 51 52 53 54 55 56 220 221 142 143 
1 12 51 52 53 153 154 155 156 157 140 141 142 143 
1 12 51 52 53 168 169 170 171 139 140 141 142 143 
1 8 51 52 53 218 219 141 142 143 
1 8 51 52 53 117 118 191 192 193 
1 10 51 52 53 54 55 56 57 191 192 193 
1 8 68 69 70 71 72 119 120 121 
1 10 68 69 70 71 72 175 176 177 178 179 
1 8 68 69 70 71 72 139 140 141 
1 8 68 69 70 71 72 234 235 236 
1 8 68 69 70 71 72 20 21 22 
1 8 68 69 70 71 72 205 206 207 
1 8 68 69 70 71 72 9 10 11 
1 9 68 69 70 71 72 119 120 121 122 
1 7 68 69 70 71 72 191 192 
1 11 68 69 70 71 72 175 176 177 178 179 180 
1 8 68 69 70 71 72 220 221 222 
1 12 68 69 70 71 72 175 176 177 178 179 180 181 
1 10 68 69 70 71 72 96 97 98 99 100 
1 9 68 69 70 71 72 234 235 99 100 
1 9 68 69 70 71 72 234 235 236 237 
1 9 68 69 70 71 72 95 96 236 237 
1 9 68 69 70 71 72 137 138 236 237 
1 9 68 69 70 71 72 119 120 207 208 
1 9 68 69 70 71 72 205 206 207 208 
1 9 68 69 70 71 72 95 96 207 208 
1 9 68 69 70 71 72 137 138 207 208 
1 9 68 69 70 71 72 20 21 22 23 
1 9 68 69 70 71 72 119 120 22 23 
1 9 68 69 70 71 72 95 96 22 23 
1 9 68 69 70 71 72 137 138 22 23 
1 10 68 69 70 71 72 139 140 141 142 143 
1 9 68 69 70 71 72 220 221 142 143 
1 8 68 69 70 71 72 191 192 193 
1 11 68 69 70 71 72 96 97 98 180 181 182 
1 13 68 69 70 71 72 175 176 177 178 179 180 181 182 
1 11 68 69 70 71 72 234 235 179 180 181 182 
1 11 68 69 70 71 72 95 96 179 180 181 182 
1 11 68 69 70 71 72 137 138 179 180 181 182 
1 9 31 32 33 34 35 36 37 191 192 
1 10 31 32 33 34 35 36 37 206 207 208 
1 10 31 32 33 34 35 36 37 21 22 23 
1 11 31 32 33 34 35 138 139 140 141 142 143 
1 13 31 32 33 34 35 36 175 176 177 178 179 142 143 
1 13 31 32 33 34 153 154 155 156 157 140 141 142 143 
1 9 31 32 33 34 117 118 191 192 193 
1 10 31 32 33 34 35 36 37 191 192 193 
1 10 31 32 33 34 93 94 95 191 192 193 
1 14 31 32 33 34 35 36 175 176 177 178 179 180 181 182 
1 10 31 32 33 34 35 118 119 221 222 223 
1 10 31 32 33 34 35 36 220 221 222 223 
1 10 31 32 33 34 35 117 118 221 222 223 
1 10 31 32 33 34 135 136 220 221 222 223 
1 12 31 32 33 34 153 154 155 156 157 221 222 223 
1 10 31 32 33 162 163 164 220 221 222 223 
1 8 216 217 93 94 95 96 60 61 
1 7 216 217 135 136 137 191 192 
1 8 216 217 154 155 156 157 191 192 
1 7 216 217 218 219 40 41 42 
1 7 216 217 7 8 98 99 100 
1 9 216 217 218 36 37 38 98 99 100 
1 7 216 217 8 9 98 99 100 
1 7 216 217 218 219 98 99 100 
1 8 216 217 218 94 95 96 236 237 
1 8 216 217 218 172 173 174 236 237 
1 9 216 217 218 94 95 96 60 61 62 
1 8 216 217 218 94 95 96 207 208 
1 8 216 217 218 57 58 59 207 208 
1 8 216 217 218 172 173 174 207 208 
1 7 216 217 218 205 206 207 208 
1 6 216 217 218 219 207 208 
1 8 216 217 218 94 95 96 22 23 
1 6 216 217 218 219 22 23 
1 8 216 217 218 118 119 120 22 23 
1 8 216 217 218 172 173 174 22 23 
1 9 216 217 94 95 96 97 98 76 77 
1 11 216 217 153 154 155 156 157 140 141 142 143 
1 8 216 217 19 20 140 141 142 143 
1 8 216 217 232 233 140 141 142 143 
1 8 216 217 218 56 57 191 192 193 
1 8 216 217 218 94 95 191 192 193 
1 7 216 217 203 204 191 192 193 
1 7 216 217 232 233 191 192 193 
1 10 216 217 218 94 95 96 179 180 181 182 
1 12 216 217 135 136 175 176 177 178 179 180 181 182 
1 10 216 217 218 57 58 59 60 180 181 182 
1 9 216 217 218 73 74 179 180 181 182 
1 10 216 217 218 138 139 140 179 180 181 182 
1 8 216 217 218 219 179 180 181 182 
1 7 216 217 218 219 180 181 182 
1 9 216 217 218 94 95 96 41 42 43 
1 10 216 217 135 136 137 39 40 41 42 43 
1 8 216 217 218 219 40 41 42 43 
1 9 216 217 218 118 119 120 41 42 43 
1 8 216 217 233 234 235 41 42 43 
1 8 216 217 218 233 234 41 42 43 
1 9 52 53 168 169 170 119 120 121 122 
1 7 52 53 54 116 117 191 192 
1 7 52 53 162 163 164 191 192 
1 10 52 53 54 55 56 57 58 141 142 143 
1 10 52 53 54 55 138 139 140 141 142 143 
1 10 52 53 54 55 56 57 140 141 142 143 
1 11 52 53 153 154 155 156 157 140 141 142 143 
1 9 52 53 54 55 56 57 191 192 193 
1 9 52 53 54 55 118 119 221 222 223 
1 9 52 53 54 55 56 220 221 222 223 
1 9 52 53 54 55 56 57 221 222 223 
1 10 52 53 153 154 155 156 157 221 222 223 
1 10 52 53 168 169 170 171 220 221 222 223 
1 13 52 53 135 136 175 176 177 178 179 180 181 182 183 
1 7 90 91 92 18 19 191 192 
1 10 90 91 168 169 170 58 59 60 61 62 
1 10 90 91 162 163 164 73 74 75 76 77 
1 9 90 91 92 93 94 95 191 192 193 
1 11 90 91 92 93 94 58 59 60 180 181 182 
1 11 90 91 168 169 170 171 39 40 41 42 43 
1 10 90 91 153 154 155 156 157 221 222 223 
1 9 90 91 162 163 164 220 221 222 223 
1 10 90 91 168 169 170 171 220 221 222 223 
1 13 90 91 35 36 175 176 177 178 179 180 181 182 183 
1 12 90 91 92 93 94 58 59 60 180 181 182 183 
1 10 90 91 92 7 8 59 60 61 62 63 
1 10 90 91 92 18 19 59 60 61 62 63 
1 11 90 91 92 93 94 58 59 60 61 62 63 
1 11 90 91 92 93 94 95 96 60 61 62 63 
1 7 113 114 203 204 205 41 42 
1 6 113 114 219 235 236 237 
1 6 113 114 115 219 236 237 
1 6 113 114 115 219 22 23 
1 9 113 114 115 116 73 74 75 76 77 
1 8 113 114 35 36 37 191 192 193 
1 8 113 114 115 56 57 191 192 193 
1 8 113 114 115 116 117 191 192 193 
1 8 113 114 115 219 179 180 181 182 
1 10 113 114 115 116 117 39 40 41 42 43 
1 10 113 114 115 116 117 118 119 41 42 43 
1 8 113 114 115 219 40 41 42 43 
1 13 113 114 35 36 175 176 177 178 179 180 181 182 183 
1 9 113 114 115 219 179 180 181 182 183 
1 10 113 114 115 57 58 59 60 61 62 63 
1 10 113 114 115 116 117 118 119 61 62 63 
1 10 113 114 115 116 117 59 60 61 62 63 
1 6 201 202 8 9 10 11 
1 9 201 202 203 204 59 60 61 62 63 
1 8 201 202 203 234 235 236 237 238 
1 8 201 202 203 204 235 236 237 238 
1 8 201 202 203 204 205 236 237 238 
1 8 201 202 203 9 10 11 77 78 
1 9 201 202 203 204 205 75 76 77 78 
1 8 201 202 138 139 75 76 77 78 
1 11 201 202 203 175 176 177 178 179 76 77 78 
1 8 201 202 203 204 191 192 77 78 
1 8 201 202 136 137 21 22 23 24 
1 8 201 202 203 204 21 22 23 24 
1 8 201 202 203 20 21 22 23 24 
1 8 201 202 203 204 205 22 23 24 
1 8 230 231 116 117 39 40 41 42 
1 7 230 231 19 20 21 41 42 
1 7 230 231 204 205 206 41 42 
1 7 230 231 232 95 96 207 208 
1 7 230 231 136 137 206 207 208 
1 7 230 231 232 96 97 207 208 
1 7 230 231 137 138 206 207 208 
1 7 230 231 232 95 96 22 23 
1 7 230 231 232 96 97 22 23 
1 7 230 231 95 96 21 22 23 
1 7 230 231 137 138 21 22 23 
1 8 230 231 232 137 138 139 76 77 
1 8 230 231 137 138 139 140 76 77 
1 8 230 231 19 20 140 141 142 143 
1 7 230 231 136 137 191 192 193 
1 8 230 231 219 220 179 180 181 182 
1 7 230 231 19 20 41 42 43 
1 7 230 231 232 233 234 222 223 
1 9 230 231 232 233 59 60 61 62 63 
1 8 230 231 232 9 10 11 77 78 
1 9 230 231 232 233 234 75 76 77 78 
1 11 230 231 232 175 176 177 178 179 76 77 78 
1 8 230 231 232 233 191 192 77 78 
1 8 230 231 232 205 206 207 77 78 
1 8 230 231 232 233 21 22 23 24 
1 8 230 231 232 20 21 22 23 24 
1 8 230 231 232 233 234 22 23 24 
1 7 230 231 232 233 234 23 24 
1 8 5 6 7 58 59 141 142 143 
1 8 5 6 7 8 140 141 142 143 
1 7 5 6 136 137 191 192 193 
1 9 5 6 7 8 59 60 61 62 63 
1 8 5 6 7 205 206 207 62 63 
1 8 5 6 7 234 235 236 237 238 
1 8 5 6 7 8 9 236 237 238 
1 8 5 6 7 8 235 236 237 238 
1 9 5 6 7 8 9 75 76 77 78 
1 9 5 6 7 73 74 75 76 77 78 
1 11 5 6 7 175 176 177 178 179 76 77 78 
1 8 5 6 7 8 191 192 77 78 
1 8 5 6 7 205 206 207 208 209 
1 8 5 6 7 8 206 207 208 209 
1 8 5 6 7 8 9 207 208 209 
1 9 16 17 154 155 156 157 40 41 42 
1 8 16 17 18 73 74 75 76 77 
1 8 16 17 18 139 140 141 142 143 
1 7 16 17 18 19 20 142 143 
1 7 16 17 18 220 221 142 143 
1 6 16 17 219 220 142 143 
1 7 16 17 116 117 191 192 193 
1 7 16 17 18 73 74 222 223 
1 7 16 17 18 19 20 222 223 
1 9 16 17 18 19 59 60 61 62 63 
1 8 16 17 18 19 235 236 237 238 
1 8 16 17 18 234 235 236 237 238 
1 8 16 17 18 19 20 236 237 238 
1 8 16 17 136 137 235 236 237 238 
1 9 16 17 18 19 20 75 76 77 78 
1 9 16 17 172 173 174 75 76 77 78 
1 11 16 17 18 175 176 177 178 179 76 77 78 
1 8 16 17 18 19 191 192 77 78 
1 8 16 17 18 19 206 207 208 209 
1 8 16 17 18 205 206 207 208 209 
1 8 16 17 18 19 20 207 208 209 
1 10 32 33 34 35 36 37 235 236 237 238 
1 10 32 33 34 35 36 37 21 22 23 24 
1 10 32 33 34 35 36 37 206 207 208 209 
1 7 133 134 135 136 137 10 11 
1 7 133 134 18 19 191 192 193 
1 8 133 134 55 56 57 191 192 193 
1 8 133 134 135 136 137 191 192 193 
1 7 133 134 232 233 191 192 193 
1 10 133 134 135 136 58 59 60 180 181 182 
1 11 133 134 135 136 137 138 139 179 180 181 182 
1 9 133 134 135 136 137 39 40 222 223 
1 8 133 134 135 136 220 221 222 223 
1 7 133 134 203 204 221 222 223 
1 12 133 134 135 136 137 39 40 179 180 181 182 183 
1 12 133 134 135 136 137 138 139 179 180 181 182 183 
1 10 133 134 135 136 137 138 139 61 62 63 
1 10 133 134 135 136 137 59 60 61 62 63 
1 9 133 134 135 136 137 206 207 62 63 
1 9 133 134 55 56 57 58 59 237 238 
1 9 133 134 135 136 57 58 59 237 238 
1 8 133 134 55 56 57 236 237 238 
1 9 133 134 135 136 58 59 60 237 238 
1 12 133 134 135 136 175 176 177 178 179 76 77 78 
1 8 133 134 135 136 220 221 23 24 
1 9 133 134 135 136 172 173 174 23 24 
1 9 133 134 135 136 57 58 59 208 209 
1 7 133 134 135 20 21 208 209 
1 8 133 134 135 58 59 207 208 209 
1 9 133 134 135 136 137 206 207 208 209 
1 11 133 134 135 136 137 39 40 41 42 43 44 
1 11 133 134 135 136 137 138 139 41 42 43 44 
1 12 133 134 135 136 175 176 177 178 179 42 43 44 
1 13 133 134 135 136 175 176 177 178 179 180 181 43 44 
1 9 133 134 135 205 206 41 42 43 44 
1 6 151 152 153 73 74 75 
1 7 151 152 153 73 74 75 76 
1 9 151 152 153 154 155 156 157 221 222 
1 10 151 152 153 154 155 156 157 98 99 100 
1 9 151 152 153 154 155 156 157 236 237 
1 9 151 152 153 94 95 96 60 61 62 
1 9 151 152 153 154 155 156 157 207 208 
1 9 151 152 153 154 155 156 157 22 23 
1 8 151 152 153 233 234 75 76 77 
1 10 151 152 153 154 155 156 157 221 222 223 
1 10 151 152 153 57 58 59 60 61 62 63 
1 11 151 152 153 154 155 156 157 140 141 62 63 
1 8 151 152 153 233 234 122 123 124 
1 11 151 152 153 154 155 156 157 140 141 77 78 
1 8 151 152 153 58 59 22 23 24 
1 8 151 152 153 96 97 22 23 24 
1 8 151 152 153 119 120 22 23 24 
1 11 151 152 153 154 155 156 157 140 141 23 24 
1 11 151 152 153 154 155 156 157 140 141 208 209 
1 10 151 152 153 117 118 119 41 42 43 44 
1 12 151 152 153 154 155 156 157 40 41 42 43 44 
1 11 151 152 153 154 155 156 157 41 42 43 44 
1 11 151 152 153 154 155 156 157 121 122 43 44 
1 10 151 152 153 118 119 40 41 42 43 44 
1 12 151 152 153 154 155 156 157 98 99 100 101 102 
1 9 151 152 153 56 57 191 192 193 194 
1 9 151 152 153 96 97 98 99 193 194 
1 11 151 152 153 154 155 156 157 140 141 193 194 
1 9 91 92 93 171 172 173 174 61 62 
1 7 91 92 18 19 191 192 193 
1 10 91 92 93 94 95 96 97 76 77 78 
1 10 91 92 93 94 95 40 41 42 43 44 
1 10 91 92 93 38 39 40 41 42 43 44 
1 10 91 92 93 94 95 96 97 42 43 44 
1 9 91 92 93 94 95 96 42 43 44 
1 10 91 92 93 171 172 173 174 42 43 44 
1 8 91 92 7 8 191 192 193 194 
1 9 91 92 93 94 95 191 192 193 194 
1 9 91 92 93 94 95 96 97 193 194 
1 8 91 92 93 234 235 236 193 194 
1 8 33 34 35 36 37 191 192 193 
1 9 33 34 35 172 173 174 236 237 238 
1 9 33 34 35 36 37 206 207 208 209 
1 11 33 34 35 36 37 38 39 99 100 101 102 
1 11 33 34 35 36 96 97 98 99 100 101 102 
1 11 33 34 35 36 37 38 98 99 100 101 102 
1 10 33 34 35 36 37 38 39 100 101 102 
1 13 33 34 35 36 175 176 177 178 179 180 181 101 102 
1 9 33 34 35 205 206 99 100 101 102 
1 10 33 34 35 36 96 97 98 99 193 194 
1 9 33 34 35 36 37 191 192 193 194 
1 5 217 218 9 10 11 
1 6 217 218 219 220 61 62 
1 8 217 218 219 40 41 42 43 44 
1 8 217 218 56 57 191 192 193 194 
1 8 53 54 55 56 57 191 192 193 
1 10 53 54 55 56 57 58 99 100 101 102 
1 10 53 54 55 56 57 58 59 100 101 102 
1 10 53 54 55 56 97 98 99 100 101 102 
1 9 53 54 55 56 57 58 59 101 102 
1 11 53 54 55 56 172 173 174 99 100 101 102 
1 9 53 54 55 56 57 191 192 193 194 
1 7 114 115 219 40 41 42 43 
1 9 114 115 116 73 74 75 76 77 78 
1 8 114 115 116 9 10 11 193 194 
1 8 134 135 136 137 191 192 43 44 
1 7 231 232 233 220 221 101 102 
1 7 231 232 220 221 222 101 102 
1 11 152 153 154 155 156 157 140 141 42 43 44 
1 8 17 18 38 39 40 41 123 124 
1 8 17 18 119 120 121 122 123 124 
1 7 17 18 19 73 74 237 238 
1 8 17 18 73 74 75 76 77 78 
1 10 17 18 175 176 177 178 179 76 77 78 
1 7 17 18 19 191 192 43 44 
1 8 17 18 19 98 99 100 101 102 
1 7 17 18 73 74 75 193 194 
1 6 17 18 234 235 193 194 
1 7 6 7 58 59 236 237 238 
1 7 6 7 57 58 236 237 238 
1 7 6 7 234 235 236 77 78 
1 7 6 7 57 58 207 208 209 
1 9 6 7 96 97 98 99 100 101 102 
1 11 6 7 175 176 177 178 179 180 181 101 102 
1 8 6 7 205 206 99 100 101 102 
1 7 6 7 8 140 141 193 194 
1 8 6 7 171 172 173 174 193 194 
1 10 161 162 163 164 119 120 121 122 123 124 
1 10 161 162 163 164 39 40 41 42 43 44 
1 10 161 162 163 164 119 120 121 122 43 44 
1 9 161 162 163 164 220 221 222 43 44 
1 10 161 162 163 164 97 98 99 100 101 102 
1 9 161 162 163 164 220 221 222 101 102 
1 9 161 162 163 164 73 74 75 193 194 
1 8 161 162 163 164 191 192 193 194 
1 7 92 93 19 20 21 193 194 
1 7 92 93 9 10 11 193 194 
1 8 54 55 56 220 221 100 101 102 
1 8 54 55 56 220 221 222 101 102 
1 7 115 116 117 21 22 23 24 
1 7 115 116 117 191 192 193 194 
1 6 168 169 170 171 206 207 
1 7 168 169 170 171 59 60 61 
1 8 168 169 170 171 139 140 141 142 
1 7 168 169 170 171 60 61 62 
1 10 168 169 170 171 118 119 120 121 77 78 
1 10 168 169 170 171 172 173 174 76 77 78 
1 9 168 169 170 119 120 75 76 77 78 
1 9 168 169 170 96 97 98 99 43 44 
1 8 168 169 170 220 221 42 43 44 
1 8 162 163 164 39 40 41 42 43 
1 8 162 163 164 73 74 75 237 238 
1 8 162 163 164 73 74 75 208 209 
1 8 162 163 164 139 140 141 193 194 
1 4 218 219 141 142 
1 9 135 136 137 138 139 140 42 43 44 
1 7 93 94 95 191 192 193 194 
1 8 169 170 171 172 173 174 142 143 
1 7 170 171 172 173 174 142 143 
1 9 204 205 206 99 100 64 65 66 67 
1 9 204 205 206 207 63 64 65 66 67 
1 9 204 205 206 62 63 64 65 66 67 
1 9 204 205 61 62 63 64 65 66 67 
1 8 204 205 206 123 124 125 66 67 
1 8 204 205 122 123 124 125 66 67 
1 8 204 205 122 123 124 65 66 67 
1 8 204 205 206 207 144 145 66 67 
1 8 204 205 22 23 145 146 147 148 
1 9 204 205 206 41 42 145 146 147 148 
1 9 204 205 206 41 42 43 146 147 148 
1 9 204 205 206 62 63 64 146 147 148 
1 9 204 205 206 207 208 145 146 147 148 
1 9 204 205 206 207 144 145 146 147 148 
1 9 204 205 206 143 144 145 146 147 148 
1 8 204 205 206 193 194 146 147 148 
1 8 204 205 206 41 42 239 240 241 
1 8 204 205 206 99 100 239 240 241 
1 9 204 205 120 121 122 123 239 240 241 
1 8 204 205 206 100 101 239 240 241 
1 7 204 205 100 101 239 240 241 
1 7 204 205 142 143 239 240 241 
1 8 204 205 206 237 238 239 240 241 
1 8 204 205 206 207 238 239 240 241 
1 8 204 205 206 207 208 239 240 241 
1 8 204 205 206 41 42 25 26 27 
1 8 204 205 206 99 100 25 26 27 
1 9 204 205 120 121 122 123 25 26 27 
1 8 204 205 206 23 24 25 26 27 
1 8 204 205 206 207 208 25 26 27 
1 8 204 205 206 207 24 25 26 27 
1 7 204 205 206 207 25 26 27 
1 8 204 205 206 207 124 125 26 27 
1 8 204 205 206 123 124 25 26 27 
1 8 204 205 122 123 124 125 26 27 
1 9 204 205 180 181 182 183 25 26 27 
1 9 233 234 235 99 100 64 65 66 67 
1 9 233 234 235 236 63 64 65 66 67 
1 9 233 234 235 62 63 64 65 66 67 
1 9 233 234 61 62 63 64 65 66 67 
1 8 233 234 235 123 124 125 66 67 
1 8 233 234 122 123 124 125 66 67 
1 8 233 234 235 143 144 145 66 67 
1 11 233 234 179 180 181 182 183 64 65 66 67 
1 9 233 234 235 41 42 43 146 147 148 
1 9 233 234 235 42 43 44 146 147 148 
1 9 233 234 235 62 63 145 146 147 148 
1 9 233 234 235 236 237 145 146 147 148 
1 9 233 234 235 236 144 145 146 147 148 
1 9 233 234 235 143 144 145 146 147 148 
1 8 233 234 235 236 145 146 147 148 
1 10 233 234 180 181 182 183 145 146 147 148 
1 8 233 234 235 193 194 146 147 148 
1 8 233 234 40 41 209 210 211 212 
1 8 233 234 40 41 42 43 211 212 
1 9 233 234 120 121 122 123 210 211 212 
1 9 233 234 235 179 180 181 182 211 212 
1 8 233 234 235 236 124 125 211 212 
1 8 233 234 235 208 209 210 211 212 
1 8 233 234 235 236 209 210 211 212 
1 8 233 234 235 236 237 210 211 212 
1 8 233 234 235 99 100 25 26 27 
1 9 233 234 120 121 122 123 25 26 27 
1 7 233 234 221 222 25 26 27 
1 8 233 234 235 23 24 25 26 27 
1 8 233 234 235 236 237 25 26 27 
1 8 233 234 235 236 24 25 26 27 
1 7 233 234 235 236 25 26 27 
1 8 233 234 235 236 124 125 26 27 
1 8 233 234 180 181 182 25 26 27 
1 10 233 234 180 181 182 183 184 185 26 27 
1 9 233 234 180 181 182 183 25 26 27 
1 7 233 234 235 223 224 26 27 
1 9 19 20 21 22 63 64 65 66 67 
1 9 19 20 21 62 63 64 65 66 67 
1 9 19 20 61 62 63 64 65 66 67 
1 8 19 20 21 123 124 125 66 67 
1 8 19 20 21 22 144 145 66 67 
1 11 19 20 179 180 181 182 183 64 65 66 67 
1 9 19 20 21 99 100 64 65 66 67 
1 9 19 20 21 42 43 44 146 147 148 
1 9 19 20 21 62 63 145 146 147 148 
1 9 19 20 21 22 23 145 146 147 148 
1 9 19 20 21 22 144 145 146 147 148 
1 9 19 20 21 143 144 145 146 147 148 
1 8 19 20 21 22 145 146 147 148 
1 10 19 20 180 181 182 183 145 146 147 148 
1 8 19 20 21 223 224 146 147 148 
1 9 19 20 21 41 42 145 146 147 148 
1 9 19 20 21 41 42 43 146 147 148 
1 8 19 20 21 22 124 125 211 212 
1 10 19 20 21 181 182 183 184 185 211 212 
1 8 19 20 21 208 209 210 211 212 
1 8 19 20 21 22 23 210 211 212 
1 8 19 20 21 22 209 210 211 212 
1 8 19 20 21 100 101 239 240 241 
1 8 19 20 21 237 238 239 240 241 
1 8 19 20 21 22 23 239 240 241 
1 8 19 20 21 22 238 239 240 241 
1 8 19 20 21 41 42 239 240 241 
1 8 19 20 21 122 123 239 240 241 
1 9 8 9 10 11 63 64 65 66 67 
1 9 8 9 61 62 63 64 65 66 67 
1 8 8 9 10 11 144 145 66 67 
1 11 8 9 179 180 181 182 183 64 65 66 67 
1 8 8 9 62 63 145 146 147 148 
1 9 8 9 10 11 144 145 146 147 148 
1 8 8 9 61 62 145 146 147 148 
1 8 8 9 10 11 124 125 211 212 
1 8 8 9 10 11 209 210 211 212 
1 9 8 9 120 121 122 123 210 211 212 
1 8 8 9 10 11 238 239 240 241 
1 9 8 9 120 121 122 123 239 240 241 
1 9 8 9 10 11 78 79 80 81 82 
1 8 8 9 100 101 102 80 81 82 
1 8 8 9 142 143 144 80 81 82 
1 10 8 9 120 121 122 78 79 80 81 82 
1 8 8 9 207 208 79 80 81 82 
1 8 8 9 236 237 79 80 81 82 
1 9 8 9 10 11 44 45 46 47 48 
1 8 8 9 100 101 45 46 47 48 
1 9 8 9 10 11 144 145 46 47 48 
1 10 8 9 120 121 122 44 45 46 47 48 
1 8 8 9 207 208 45 46 47 48 
1 9 8 9 221 222 44 45 46 47 48 
1 8 8 9 236 237 45 46 47 48 
1 8 8 9 62 63 64 127 128 129 
1 10 8 9 10 11 124 125 126 127 128 129 
1 8 8 9 208 209 126 127 128 129 
1 8 8 9 237 238 126 127 128 129 
1 8 8 9 61 62 126 127 128 129 
1 9 8 9 221 222 223 126 127 128 129 
1 8 8 9 236 237 126 127 128 129 
1 8 137 138 139 23 24 65 66 67 
1 10 137 138 139 61 62 63 64 65 66 67 
1 10 137 138 139 140 141 142 64 65 66 67 
1 9 137 138 139 140 63 64 65 66 67 
1 8 137 138 139 236 237 65 66 67 
1 9 137 138 139 140 208 209 210 211 212 
1 8 137 138 139 140 222 223 211 212 
1 8 137 138 235 236 209 210 211 212 
1 8 137 138 10 11 238 239 240 241 
1 9 137 138 139 140 237 238 239 240 241 
1 9 137 138 139 140 141 238 239 240 241 
1 8 137 138 206 207 238 239 240 241 
1 9 137 138 139 140 23 24 25 26 27 
1 9 137 138 139 140 141 24 25 26 27 
1 10 137 138 139 180 181 182 183 25 26 27 
1 8 137 138 206 207 208 25 26 27 
1 8 137 138 139 236 237 25 26 27 
1 9 137 138 21 22 23 79 80 81 82 
1 10 137 138 139 140 77 78 79 80 81 82 
1 10 137 138 139 140 141 78 79 80 81 82 
1 10 137 138 139 140 141 142 143 80 81 82 
1 10 137 138 139 140 141 142 79 80 81 82 
1 9 137 138 206 207 208 79 80 81 82 
1 9 137 138 139 236 237 79 80 81 82 
1 9 137 138 235 236 237 79 80 81 82 
1 9 137 138 21 22 23 45 46 47 48 
1 11 137 138 139 140 141 142 44 45 46 47 48 
1 11 137 138 139 140 141 43 44 45 46 47 48 
1 11 137 138 139 140 141 142 143 45 46 47 48 
1 11 137 138 139 140 42 43 44 45 46 47 48 
1 10 137 138 139 140 208 209 45 46 47 48 
1 13 137 138 139 60 61 183 184 185 186 187 188 189 190 
1 12 137 138 59 60 61 184 185 186 187 188 189 190 
1 12 137 138 139 140 23 24 185 186 187 188 189 190 
1 11 137 138 139 23 24 185 186 187 188 189 190 
1 13 137 138 139 140 141 43 44 185 186 187 188 189 190 
1 13 137 138 139 140 42 43 44 185 186 187 188 189 190 
1 12 137 138 139 140 62 63 64 186 187 188 189 190 
1 13 137 138 139 140 141 142 184 185 186 187 188 189 190 
1 13 137 138 139 140 141 142 143 185 186 187 188 189 190 
1 12 137 138 139 140 141 142 143 186 187 188 189 190 
1 14 137 138 139 140 181 182 183 184 185 186 187 188 189 190 
1 13 137 138 139 140 141 183 184 185 186 187 188 189 190 
1 11 137 138 139 140 193 194 186 187 188 189 190 
1 12 137 138 139 140 208 209 185 186 187 188 189 190 
1 11 137 138 139 237 238 185 186 187 188 189 190 
1 12 137 138 206 207 183 184 185 186 187 188 189 190 
1 11 137 138 139 236 237 185 186 187 188 189 190 
1 9 137 138 59 60 61 224 225 226 227 
1 9 137 138 139 140 23 24 225 226 227 
1 10 137 138 139 140 42 43 44 225 226 227 
1 9 137 138 139 140 193 194 225 226 227 
1 9 137 138 139 140 208 209 225 226 227 
1 10 137 138 139 140 141 142 224 225 226 227 
1 10 137 138 139 140 141 142 143 225 226 227 
1 9 137 138 139 140 223 224 225 226 227 
1 9 137 138 139 140 237 238 225 226 227 
1 10 37 38 39 40 41 144 145 146 147 148 
1 9 37 38 39 40 223 224 146 147 148 
1 9 37 38 39 207 208 145 146 147 148 
1 9 37 38 39 236 237 145 146 147 148 
1 8 37 38 39 40 124 125 211 212 
1 10 37 38 39 40 182 183 184 185 211 212 
1 9 37 38 39 40 41 209 210 211 212 
1 9 37 38 39 40 122 123 210 211 212 
1 8 37 38 39 40 222 223 211 212 
1 9 37 38 39 40 41 238 239 240 241 
1 9 37 38 39 40 41 24 25 26 27 
1 9 37 38 39 40 41 124 125 26 27 
1 9 37 38 39 122 123 124 25 26 27 
1 8 37 38 39 123 124 125 26 27 
1 9 37 38 39 40 41 144 145 26 27 
1 10 37 38 39 40 182 183 184 185 26 27 
1 8 37 38 39 40 223 224 26 27 
1 10 37 38 39 40 41 24 25 127 128 129 
1 11 37 38 39 40 41 124 125 126 127 128 129 
1 11 37 38 39 40 123 124 125 126 127 128 129 
1 11 37 38 39 40 41 42 125 126 127 128 129 
1 11 37 38 39 40 41 42 43 126 127 128 129 
1 10 37 38 39 40 193 194 126 127 128 129 
1 9 37 38 39 208 209 126 127 128 129 
1 9 37 38 39 207 208 126 127 128 129 
1 9 37 38 39 236 237 126 127 128 129 
1 11 37 38 39 40 41 42 43 103 104 105 106 
1 10 37 38 39 40 41 102 103 104 105 106 
1 10 37 38 39 40 101 102 103 104 105 106 
1 10 37 38 39 40 41 42 103 104 105 106 
1 10 37 38 39 100 101 102 103 104 105 106 
1 12 37 38 39 40 179 180 181 182 103 104 105 106 
1 13 37 38 39 40 41 42 43 185 186 187 188 189 190 
1 12 37 38 39 40 41 42 43 186 187 188 189 190 
1 14 37 38 39 40 181 182 183 184 185 186 187 188 189 190 
1 13 37 38 39 40 41 183 184 185 186 187 188 189 190 
1 11 37 38 39 40 193 194 186 187 188 189 190 
1 11 37 38 39 237 238 185 186 187 188 189 190 
1 13 37 38 39 121 122 183 184 185 186 187 188 189 190 
1 12 37 38 39 141 142 184 185 186 187 188 189 190 
1 11 37 38 39 207 208 185 186 187 188 189 190 
1 11 37 38 39 236 237 185 186 187 188 189 190 
1 9 37 38 39 40 41 124 125 226 227 
1 10 37 38 39 40 41 42 43 225 226 227 
1 9 37 38 39 40 223 224 225 226 227 
1 9 37 38 39 40 41 224 225 226 227 
1 9 37 38 39 121 122 224 225 226 227 
1 9 37 38 39 141 142 224 225 226 227 
1 12 37 38 39 40 179 180 181 182 183 225 226 227 
1 9 37 38 39 40 41 144 145 196 197 
1 10 37 38 39 40 41 42 43 195 196 197 
1 9 37 38 39 40 193 194 195 196 197 
1 9 37 38 39 40 41 194 195 196 197 
1 9 37 38 39 40 41 42 195 196 197 
1 9 37 38 39 40 41 209 210 196 197 
1 9 37 38 39 121 122 194 195 196 197 
1 9 37 38 39 141 142 143 195 196 197 
1 11 171 172 173 174 61 62 63 64 65 66 67 
1 10 171 172 173 174 122 123 124 125 66 67 
1 10 171 172 173 174 122 123 124 65 66 67 
1 10 171 172 173 174 142 143 144 145 66 67 
1 10 171 172 173 174 61 62 145 146 147 148 
1 10 171 172 173 174 75 76 77 146 147 148 
1 10 171 172 173 174 62 63 64 146 147 148 
1 11 171 172 173 174 142 143 144 145 146 147 148 
1 9 171 172 173 174 62 63 210 211 212 
1 10 171 172 173 174 122 123 124 25 26 27 
1 10 171 172 173 174 122 123 79 80 81 82 
1 10 171 172 173 174 77 78 79 80 81 82 
1 9 171 172 173 174 123 124 125 81 82 
1 10 171 172 173 174 142 143 79 80 81 82 
1 10 171 172 173 174 142 143 144 145 81 82 
1 10 171 172 173 174 207 208 79 80 81 82 
1 9 171 172 173 174 222 223 80 81 82 
1 10 171 172 173 174 236 237 79 80 81 82 
1 11 171 172 173 174 42 43 44 45 46 47 48 
1 10 171 172 173 174 207 208 45 46 47 48 
1 10 171 172 173 174 236 237 45 46 47 48 
1 10 171 172 173 174 208 209 126 127 128 129 
1 10 171 172 173 174 237 238 126 127 128 129 
1 10 171 172 173 174 222 223 126 127 128 129 
1 10 171 172 173 174 22 23 103 104 105 106 
1 10 171 172 173 174 61 62 103 104 105 106 
1 11 171 172 173 174 75 76 77 103 104 105 106 
1 11 171 172 173 174 100 101 102 103 104 105 106 
1 10 171 172 173 174 207 208 103 104 105 106 
1 10 171 172 173 174 236 237 103 104 105 106 
1 9 171 172 173 174 23 24 225 226 227 
1 9 171 172 173 174 22 23 195 196 197 
1 10 171 172 173 174 75 76 77 195 196 197 
1 10 171 172 173 174 141 142 143 195 196 197 
1 10 171 172 173 174 100 101 102 103 196 197 
1 9 171 172 173 174 193 194 195 196 197 
1 9 171 172 173 174 208 209 195 196 197 
1 9 171 172 173 174 207 208 195 196 197 
1 9 171 172 173 174 236 237 195 196 197 
1 10 95 96 97 98 62 63 64 65 66 67 
1 10 95 96 97 98 99 100 64 65 66 67 
1 10 95 96 97 98 99 63 64 65 66 67 
1 9 95 96 97 98 63 64 65 66 67 
1 8 95 96 97 75 76 77 211 212 
1 9 95 96 97 76 77 78 79 211 212 
1 10 95 96 180 181 182 183 184 185 211 212 
1 9 95 96 97 98 99 209 210 211 212 
1 8 95 96 97 98 209 210 211 212 
1 8 95 96 10 11 238 239 240 241 
1 8 95 96 21 22 23 239 240 241 
1 9 95 96 97 98 99 238 239 240 241 
1 8 95 96 40 41 24 25 26 27 
1 9 95 96 97 98 99 24 25 26 27 
1 8 95 96 97 98 24 25 26 27 
1 8 95 96 97 98 99 25 26 27 
1 10 95 96 97 98 182 183 184 185 26 27 
1 8 95 96 97 98 223 224 26 27 
1 9 95 96 97 22 23 79 80 81 82 
1 9 95 96 21 22 23 79 80 81 82 
1 8 95 96 97 22 23 80 81 82 
1 10 95 96 97 98 77 78 79 80 81 82 
1 10 95 96 97 98 99 78 79 80 81 82 
1 10 95 96 97 98 99 100 101 80 81 82 
1 10 95 96 97 98 99 100 79 80 81 82 
1 12 95 96 97 98 181 182 183 184 185 80 81 82 
1 8 95 96 97 193 194 80 81 82 
1 9 95 96 97 207 208 79 80 81 82 
1 9 95 96 97 236 237 79 80 81 82 
1 9 95 96 21 22 23 45 46 47 48 
1 10 95 96 97 42 43 44 45 46 47 48 
1 8 95 96 97 223 224 46 47 48 
1 12 95 96 97 41 42 43 185 186 187 188 189 190 
1 12 95 96 40 41 183 184 185 186 187 188 189 190 
1 12 95 96 97 75 76 77 185 186 187 188 189 190 
1 12 95 96 97 42 43 44 185 186 187 188 189 190 
1 12 95 96 97 98 62 63 64 186 187 188 189 190 
1 12 95 96 97 98 99 100 101 186 187 188 189 190 
1 14 95 96 97 98 181 182 183 184 185 186 187 188 189 190 
1 13 95 96 97 98 99 183 184 185 186 187 188 189 190 
1 12 95 96 97 98 99 184 185 186 187 188 189 190 
1 11 95 96 97 98 193 194 186 187 188 189 190 
1 8 95 96 40 41 224 225 226 227 
1 9 95 96 59 60 61 224 225 226 227 
1 9 95 96 97 75 76 77 225 226 227 
1 9 95 96 97 42 43 44 225 226 227 
1 9 95 96 97 98 193 194 225 226 227 
1 10 95 96 97 98 99 100 101 225 226 227 
1 9 95 96 97 98 223 224 225 226 227 
1 9 95 96 97 98 99 224 225 226 227 
1 9 95 96 179 180 181 182 225 226 227 
1 8 95 96 10 11 194 195 196 197 
1 8 95 96 21 22 23 195 196 197 
1 9 95 96 40 41 42 43 195 196 197 
1 9 95 96 97 98 76 77 195 196 197 
1 9 95 96 97 75 76 77 195 196 197 
1 8 95 96 97 62 63 195 196 197 
1 9 95 96 97 98 77 78 195 196 197 
1 9 95 96 97 98 193 194 195 196 197 
1 9 95 96 97 98 99 194 195 196 197 
1 9 95 96 97 98 99 100 195 196 197 
1 9 95 96 97 98 99 209 210 196 197 
1 8 95 96 97 208 209 195 196 197 
1 10 95 96 97 98 180 181 182 195 196 197 
1 10 57 58 59 60 61 62 145 146 147 148 
1 10 57 58 59 142 143 144 145 146 147 148 
1 10 57 58 59 60 61 144 145 146 147 148 
1 10 57 58 59 60 61 62 63 146 147 148 
1 10 57 58 59 60 143 144 145 146 147 148 
1 11 57 58 180 181 182 183 184 185 146 147 148 
1 8 57 58 59 60 124 125 211 212 
1 9 57 58 180 181 182 183 210 211 212 
1 8 57 58 140 141 142 210 211 212 
1 8 57 58 59 141 142 143 211 212 
1 7 57 58 221 222 210 211 212 
1 8 57 58 59 22 23 239 240 241 
1 8 57 58 59 60 223 224 240 241 
1 9 57 58 59 60 61 62 239 240 241 
1 9 57 58 59 60 61 62 25 26 27 
1 9 57 58 59 60 123 124 125 26 27 
1 10 57 58 59 60 182 183 184 185 26 27 
1 8 57 58 140 141 24 25 26 27 
1 9 57 58 59 22 23 126 127 128 129 
1 11 57 58 59 60 123 124 125 126 127 128 129 
1 10 57 58 59 60 61 62 126 127 128 129 
1 10 57 58 59 60 193 194 126 127 128 129 
1 12 57 58 59 60 180 181 182 183 126 127 128 129 
1 10 57 58 59 60 61 62 103 104 105 106 
1 10 57 58 59 100 101 102 103 104 105 106 
1 10 57 58 59 60 61 102 103 104 105 106 
1 10 57 58 59 60 101 102 103 104 105 106 
1 11 57 58 59 60 180 181 182 103 104 105 106 
1 9 57 58 221 222 102 103 104 105 106 
1 10 57 58 100 101 102 186 187 188 189 190 
1 14 57 58 59 60 181 182 183 184 185 186 187 188 189 190 
1 13 57 58 59 60 61 183 184 185 186 187 188 189 190 
1 12 57 58 59 60 61 184 185 186 187 188 189 190 
1 11 57 58 59 60 193 194 186 187 188 189 190 
1 10 57 58 59 193 194 186 187 188 189 190 
1 10 57 58 59 237 238 186 187 188 189 190 
1 12 57 58 59 141 142 184 185 186 187 188 189 190 
1 9 57 58 59 60 193 194 225 226 227 
1 9 57 58 59 60 223 224 225 226 227 
1 9 57 58 59 60 61 224 225 226 227 
1 9 57 58 59 141 142 224 225 226 227 
1 11 57 58 59 60 180 181 182 183 225 226 227 
1 7 57 58 23 24 195 196 197 
1 9 57 58 59 60 123 124 195 196 197 
1 9 57 58 59 60 193 194 195 196 197 
1 9 57 58 59 60 61 194 195 196 197 
1 9 57 58 59 60 61 62 195 196 197 
1 8 57 58 59 208 209 195 196 197 
1 9 57 58 59 60 142 143 195 196 197 
1 9 57 58 140 141 142 143 195 196 197 
1 10 57 58 59 60 180 181 182 195 196 197 
1 10 172 173 174 61 62 63 64 65 66 67 
1 9 172 173 174 122 123 124 125 66 67 
1 8 172 173 174 22 23 210 211 212 
1 8 172 173 174 122 123 239 240 241 
1 8 172 173 174 100 101 239 240 241 
1 8 172 173 174 142 143 239 240 241 
1 9 172 173 174 122 123 124 125 26 27 
1 9 172 173 174 122 123 124 25 26 27 
1 9 172 173 174 142 143 144 145 26 27 
1 9 172 173 174 22 23 79 80 81 82 
1 9 172 173 174 100 101 102 80 81 82 
1 9 172 173 174 142 143 144 145 81 82 
1 8 172 173 174 143 144 145 81 82 
1 9 172 173 174 236 237 79 80 81 82 
1 9 172 173 174 122 123 45 46 47 48 
1 9 172 173 174 123 124 125 46 47 48 
1 9 172 173 174 123 124 45 46 47 48 
1 9 172 173 174 208 209 45 46 47 48 
1 9 172 173 174 236 237 238 46 47 48 
1 9 172 173 174 77 78 79 127 128 129 
1 9 172 173 174 208 209 126 127 128 129 
1 9 172 173 174 237 238 126 127 128 129 
1 9 172 173 174 222 223 126 127 128 129 
1 9 172 173 174 62 63 103 104 105 106 
1 9 172 173 174 42 43 44 225 226 227 
1 9 172 173 174 100 101 102 103 226 227 
1 8 172 173 174 143 144 225 226 227 
1 8 172 173 174 223 224 225 226 227 
1 9 172 173 174 100 101 102 103 196 197 
1 8 172 173 174 143 144 145 196 197 
1 8 118 119 120 23 24 65 66 67 
1 9 118 119 120 62 63 64 65 66 67 
1 9 118 119 120 121 122 64 65 66 67 
1 9 118 119 120 121 63 64 65 66 67 
1 8 118 119 221 222 223 65 66 67 
1 8 118 119 120 62 63 64 211 212 
1 8 118 119 120 121 209 210 211 212 
1 7 118 119 60 61 239 240 241 
1 8 118 119 120 62 63 64 240 241 
1 7 118 119 62 63 239 240 241 
1 8 118 119 120 23 24 25 26 27 
1 8 118 119 120 121 24 25 26 27 
1 10 118 119 180 181 182 183 184 185 26 27 
1 8 118 119 120 121 223 224 26 27 
1 8 118 119 120 207 208 25 26 27 
1 9 118 119 120 22 23 79 80 81 82 
1 10 118 119 120 121 77 78 79 80 81 82 
1 10 118 119 120 121 122 78 79 80 81 82 
1 10 118 119 120 121 122 123 124 80 81 82 
1 9 118 119 120 121 223 224 80 81 82 
1 10 118 119 120 121 43 44 45 46 47 48 
1 10 118 119 120 42 43 44 45 46 47 48 
1 9 118 119 120 121 44 45 46 47 48 
1 9 118 119 120 121 122 45 46 47 48 
1 9 118 119 120 208 209 45 46 47 48 
1 9 118 119 120 207 208 209 46 47 48 
1 11 118 119 120 41 42 43 186 187 188 189 190 
1 11 118 119 120 23 24 185 186 187 188 189 190 
1 13 118 119 120 121 182 183 184 185 186 187 188 189 190 
1 13 118 119 120 121 122 183 184 185 186 187 188 189 190 
1 11 118 119 120 208 209 185 186 187 188 189 190 
1 11 118 119 120 207 208 185 186 187 188 189 190 
1 8 118 119 120 41 42 225 226 227 
1 9 118 119 120 121 223 224 225 226 227 
1 9 118 119 120 41 42 43 195 196 197 
1 9 118 119 120 121 122 194 195 196 197 
1 7 118 119 208 209 210 196 197 
1 8 138 139 140 23 24 65 66 67 
1 9 138 139 140 141 142 143 144 66 67 
1 9 138 139 140 141 63 64 65 66 67 
1 8 138 139 140 208 209 210 66 67 
1 8 138 139 140 222 223 65 66 67 
1 8 138 139 140 141 209 210 211 212 
1 8 138 139 140 141 142 143 211 212 
1 7 138 139 140 141 239 240 241 
1 8 138 139 140 141 24 25 26 27 
1 8 138 139 140 141 142 25 26 27 
1 10 138 139 180 181 182 183 184 185 26 27 
1 9 138 139 140 77 78 79 80 81 82 
1 9 138 139 140 141 78 79 80 81 82 
1 9 138 139 140 141 142 79 80 81 82 
1 11 138 139 140 181 182 183 184 185 80 81 82 
1 10 138 139 181 182 183 184 185 80 81 82 
1 11 138 139 140 179 180 181 182 183 80 81 82 
1 10 138 139 140 141 142 44 45 46 47 48 
1 10 138 139 140 141 142 143 45 46 47 48 
1 8 138 139 236 237 238 46 47 48 
1 11 138 139 140 62 63 64 186 187 188 189 190 
1 12 138 139 140 141 142 184 185 186 187 188 189 190 
1 13 138 139 140 181 182 183 184 185 186 187 188 189 190 
1 10 138 139 140 193 194 186 187 188 189 190 
1 9 138 139 140 141 142 224 225 226 227 
1 7 138 139 236 237 225 226 227 
1 7 138 139 62 63 195 196 197 
1 9 138 139 140 141 142 143 195 196 197 
1 8 138 139 140 193 194 195 196 197 
1 8 138 139 140 208 209 195 196 197 
1 7 138 139 208 209 195 196 197 
1 10 138 139 140 179 180 181 182 195 196 197 
1 10 205 206 179 180 181 182 183 65 66 67 
1 8 205 206 62 63 64 65 66 67 
1 7 205 206 207 208 65 66 67 
1 7 205 206 207 144 145 66 67 
1 7 205 206 222 223 65 66 67 
1 8 205 206 207 208 145 146 147 148 
1 8 205 206 143 144 145 146 147 148 
1 6 205 206 207 239 240 241 
1 7 205 206 23 24 25 26 27 
1 7 205 206 207 208 25 26 27 
1 7 205 206 207 24 25 26 27 
1 8 205 206 207 208 79 80 81 82 
1 8 205 206 207 78 79 80 81 82 
1 8 205 206 100 101 102 80 81 82 
1 7 205 206 193 194 80 81 82 
1 8 205 206 99 100 45 46 47 48 
1 8 205 206 207 208 209 46 47 48 
1 8 205 206 123 124 45 46 47 48 
1 10 205 206 181 182 183 184 185 46 47 48 
1 11 205 206 179 180 181 182 183 126 127 128 129 
1 8 205 206 77 78 79 127 128 129 
1 9 205 206 123 124 125 126 127 128 129 
1 8 205 206 193 194 126 127 128 129 
1 7 205 206 23 24 104 105 106 
1 8 205 206 207 102 103 104 105 106 
1 10 205 206 207 208 185 186 187 188 189 190 
1 10 205 206 222 223 185 186 187 188 189 190 
1 8 205 206 100 101 102 103 226 227 
1 7 205 206 143 144 225 226 227 
1 7 205 206 223 224 225 226 227 
1 7 205 206 207 224 225 226 227 
1 8 205 206 100 101 102 103 196 197 
1 10 234 235 179 180 181 182 183 65 66 67 
1 8 234 235 236 63 64 65 66 67 
1 8 234 235 62 63 64 65 66 67 
1 7 234 235 236 144 145 66 67 
1 8 234 235 236 237 145 146 147 148 
1 8 234 235 143 144 145 146 147 148 
1 7 234 235 236 144 145 211 212 
1 7 234 235 208 209 210 211 212 
1 7 234 235 122 123 25 26 27 
1 7 234 235 23 24 25 26 27 
1 7 234 235 236 237 25 26 27 
1 7 234 235 236 124 125 26 27 
1 8 234 235 236 237 79 80 81 82 
1 8 234 235 236 78 79 80 81 82 
1 7 234 235 208 209 210 81 82 
1 8 234 235 99 100 45 46 47 48 
1 9 234 235 42 43 44 45 46 47 48 
1 8 234 235 123 124 45 46 47 48 
1 10 234 235 181 182 183 184 185 46 47 48 
1 9 234 235 42 43 44 126 127 128 129 
1 8 234 235 236 44 45 127 128 129 
1 8 234 235 62 63 64 127 128 129 
1 8 234 235 77 78 79 127 128 129 
1 8 234 235 62 63 103 104 105 106 
1 8 234 235 77 78 103 104 105 106 
1 10 234 235 222 223 185 186 187 188 189 190 
1 10 234 235 236 237 185 186 187 188 189 190 
1 10 234 235 208 209 185 186 187 188 189 190 
1 7 234 235 143 144 225 226 227 
1 7 234 235 223 224 225 226 227 
1 7 234 235 236 224 225 226 227 
1 8 234 235 41 42 43 195 196 197 
1 7 234 235 122 123 195 196 197 
1 8 234 235 100 101 102 103 196 197 
1 8 38 39 40 193 194 146 147 148 
1 9 38 39 40 193 194 126 127 128 129 
1 9 38 39 40 222 223 126 127 128 129 
1 10 38 39 40 41 42 43 103 104 105 106 
1 9 38 39 40 41 102 103 104 105 106 
1 9 38 39 40 41 42 103 104 105 106 
1 10 38 39 40 101 102 186 187 188 189 190 
1 13 38 39 40 181 182 183 184 185 186 187 188 189 190 
1 12 38 39 40 41 183 184 185 186 187 188 189 190 
1 10 38 39 40 193 194 186 187 188 189 190 
1 8 38 39 40 223 224 225 226 227 
1 8 38 39 40 41 224 225 226 227 
1 9 38 39 40 41 42 43 195 196 197 
1 7 9 10 11 144 145 66 67 
1 7 9 10 11 144 145 211 212 
1 7 9 10 11 143 144 211 212 
1 7 9 10 11 124 125 240 241 
1 8 9 10 11 78 79 80 81 82 
1 7 9 10 11 124 125 81 82 
1 8 9 10 11 124 125 46 47 48 
1 8 9 10 11 144 145 46 47 48 
1 8 9 10 11 78 79 127 128 129 
1 11 9 10 11 183 184 185 186 187 188 189 190 
1 7 9 10 11 124 125 226 227 
1 7 9 10 11 224 225 226 227 
1 8 20 21 22 63 64 65 66 67 
1 10 20 21 179 180 181 182 183 65 66 67 
1 8 20 21 22 23 145 146 147 148 
1 8 20 21 143 144 145 146 147 148 
1 7 20 21 62 63 210 211 212 
1 7 20 21 22 23 210 211 212 
1 6 20 21 22 210 211 212 
1 7 20 21 62 63 64 240 241 
1 7 20 21 100 101 239 240 241 
1 7 20 21 122 123 239 240 241 
1 8 20 21 22 23 79 80 81 82 
1 8 20 21 100 101 102 80 81 82 
1 10 20 21 181 182 183 184 185 80 81 82 
1 8 20 21 122 123 124 125 81 82 
1 8 20 21 22 23 45 46 47 48 
1 8 20 21 22 44 45 46 47 48 
1 8 20 21 123 124 125 46 47 48 
1 8 20 21 123 124 45 46 47 48 
1 8 20 21 122 123 45 46 47 48 
1 8 20 21 43 44 45 127 128 129 
1 8 20 21 22 78 79 127 128 129 
1 8 20 21 77 78 126 127 128 129 
1 11 20 21 179 180 181 182 183 126 127 128 129 
1 8 20 21 22 193 194 127 128 129 
1 8 20 21 62 63 103 104 105 106 
1 8 20 21 61 62 103 104 105 106 
1 10 20 21 22 23 185 186 187 188 189 190 
1 10 20 21 99 100 101 186 187 188 189 190 
1 9 20 21 22 123 124 125 188 189 190 
1 8 20 21 100 101 102 103 226 227 
1 7 20 21 223 224 225 226 227 
1 7 20 21 22 224 225 226 227 
1 10 175 176 177 178 179 100 101 65 66 67 
1 10 175 176 177 178 179 142 143 65 66 67 
1 10 175 176 177 178 179 143 144 145 66 67 
1 10 175 176 177 178 179 43 44 146 147 148 
1 11 175 176 177 178 179 180 181 145 146 147 148 
1 10 175 176 177 178 179 180 145 146 147 148 
1 10 175 176 177 178 179 223 224 146 147 148 
1 10 175 176 177 178 179 76 77 78 211 212 
1 10 175 176 177 178 179 77 78 79 211 212 
1 10 175 176 177 178 179 180 181 210 211 212 
1 9 175 176 177 178 179 238 239 240 241 
1 10 175 176 177 178 179 180 181 239 240 241 
1 9 175 176 177 178 179 180 25 26 27 
1 9 175 176 177 178 123 124 125 26 27 
1 11 175 176 177 178 179 77 78 79 80 81 82 
1 12 175 176 177 178 179 180 181 182 183 80 81 82 
1 11 175 176 177 178 179 180 181 79 80 81 82 
1 10 175 176 177 178 179 180 102 103 81 82 
1 10 175 176 177 178 123 124 79 80 81 82 
1 9 175 176 177 178 143 144 145 81 82 
1 10 175 176 177 178 179 223 224 80 81 82 
1 11 175 176 177 178 179 180 144 145 46 47 48 
1 9 175 176 177 178 223 224 46 47 48 
1 13 175 176 177 178 179 180 181 182 183 126 127 128 129 
1 12 175 176 177 178 179 180 181 182 126 127 128 129 
1 11 175 176 177 178 179 124 125 126 127 128 129 
1 10 175 176 177 178 179 23 24 104 105 106 
1 12 175 176 177 178 179 180 181 182 103 104 105 106 
1 12 175 176 177 178 179 180 181 102 103 104 105 106 
1 11 175 176 177 178 179 180 181 182 104 105 106 
1 11 175 176 177 178 179 180 181 103 104 105 106 
1 10 175 176 177 178 179 180 103 104 105 106 
1 10 175 176 177 178 179 223 224 104 105 106 
1 10 175 176 177 178 179 180 181 195 196 197 
1 9 175 176 177 178 179 180 195 196 197 
1 8 58 59 60 193 194 146 147 148 
1 7 58 59 208 209 210 211 212 
1 7 58 59 100 101 239 240 241 
1 7 58 59 142 143 239 240 241 
1 7 58 59 60 24 25 26 27 
1 8 58 59 60 123 124 125 26 27 
1 8 58 59 141 142 143 144 26 27 
1 9 58 59 60 193 194 126 127 128 129 
1 8 58 59 60 193 194 127 128 129 
1 8 58 59 22 23 24 104 105 106 
1 9 58 59 60 61 62 103 104 105 106 
1 8 58 59 237 238 103 104 105 106 
1 8 58 59 207 208 209 104 105 106 
1 10 58 59 100 101 102 186 187 188 189 190 
1 13 58 59 60 181 182 183 184 185 186 187 188 189 190 
1 12 58 59 60 61 183 184 185 186 187 188 189 190 
1 10 58 59 60 193 194 186 187 188 189 190 
1 8 58 59 60 223 224 225 226 227 
1 8 58 59 60 61 224 225 226 227 
1 7 58 59 207 208 225 226 227 
1 7 58 59 236 237 225 226 227 
1 7 58 59 23 24 195 196 197 
1 7 58 59 208 209 195 196 197 
1 9 96 97 98 62 63 64 65 66 67 
1 9 96 97 98 99 100 64 65 66 67 
1 9 96 97 98 99 63 64 65 66 67 
1 8 96 97 98 62 63 64 211 212 
1 8 96 97 76 77 78 79 211 212 
1 8 96 97 98 99 209 210 211 212 
1 7 96 97 98 238 239 240 241 
1 8 96 97 98 99 24 25 26 27 
1 9 96 97 98 99 100 101 80 81 82 
1 8 96 97 98 193 194 80 81 82 
1 9 96 97 42 43 44 45 46 47 48 
1 9 96 97 98 99 44 45 46 47 48 
1 9 96 97 98 43 44 45 46 47 48 
1 9 96 97 98 99 100 45 46 47 48 
1 8 96 97 236 237 238 46 47 48 
1 8 96 97 98 223 224 225 226 227 
1 8 96 97 98 99 224 225 226 227 
1 8 96 97 98 99 100 225 226 227 
1 8 96 97 98 76 77 195 196 197 
1 7 96 97 23 24 195 196 197 
1 8 96 97 98 99 100 195 196 197 
1 7 96 97 208 209 195 196 197 
1 8 119 120 121 122 123 210 211 212 
1 7 119 120 208 209 210 211 212 
1 7 119 120 121 122 210 211 212 
1 7 119 120 62 63 239 240 241 
1 7 119 120 237 238 239 240 241 
1 7 119 120 121 122 239 240 241 
1 8 119 120 121 122 123 25 26 27 
1 7 119 120 121 24 25 26 27 
1 9 119 120 121 77 78 79 80 81 82 
1 9 119 120 121 122 78 79 80 81 82 
1 9 119 120 121 122 123 79 80 81 82 
1 8 119 120 23 24 45 46 47 48 
1 9 119 120 121 43 44 45 46 47 48 
1 9 119 120 121 122 123 45 46 47 48 
1 9 119 120 42 43 44 45 46 47 48 
1 8 119 120 207 208 209 46 47 48 
1 10 119 120 121 122 123 124 125 188 189 190 
1 12 119 120 181 182 183 184 185 186 187 188 189 190 
1 8 119 120 121 122 224 225 226 227 
1 7 119 120 23 24 195 196 197 
1 7 119 120 62 63 195 196 197 
1 7 119 120 121 194 195 196 197 
1 7 119 120 208 209 210 196 197 
1 7 119 120 208 209 195 196 197 
1 7 119 120 121 209 210 196 197 
1 8 73 74 143 144 145 146 147 148 
1 8 73 74 75 76 145 146 147 148 
1 8 73 74 75 76 144 145 211 212 
1 8 73 74 75 76 77 78 211 212 
1 7 73 74 75 76 210 211 212 
1 7 73 74 23 24 25 26 27 
1 8 73 74 23 24 126 127 128 129 
1 9 73 74 75 76 77 126 127 128 129 
1 9 73 74 75 76 125 126 127 128 129 
1 8 73 74 75 125 126 127 128 129 
1 8 73 74 75 76 126 127 128 129 
1 8 73 74 23 24 103 104 105 106 
1 9 73 74 75 76 102 103 104 105 106 
1 8 73 74 75 208 209 104 105 106 
1 8 73 74 75 237 238 104 105 106 
1 10 73 74 100 101 102 186 187 188 189 190 
1 9 73 74 75 124 125 126 188 189 190 
1 12 73 74 75 76 183 184 185 186 187 188 189 190 
1 11 73 74 75 76 77 185 186 187 188 189 190 
1 9 73 74 122 123 124 125 188 189 190 
1 8 73 74 75 76 224 225 226 227 
1 8 73 74 75 76 124 125 226 227 
1 8 73 74 122 123 124 125 226 227 
1 8 73 74 75 76 77 195 196 197 
1 7 73 74 208 209 210 196 197 
1 7 220 221 222 223 65 66 67 
1 7 220 221 222 64 65 66 67 
1 8 220 221 143 144 145 146 147 148 
1 6 220 221 209 210 211 212 
1 6 220 221 222 210 211 212 
1 10 220 221 181 182 183 184 185 80 81 82 
1 8 220 221 142 143 45 46 47 48 
1 10 220 221 181 182 183 184 185 46 47 48 
1 8 220 221 77 78 126 127 128 129 
1 8 220 221 222 223 126 127 128 129 
1 8 220 221 77 78 103 104 105 106 
1 8 220 221 101 102 103 104 105 106 
1 12 39 40 181 182 183 184 185 186 187 188 189 190 
1 7 39 40 41 224 225 226 227 
1 7 139 140 141 142 210 211 212 
1 7 139 140 141 142 239 240 241 
1 9 139 140 141 142 44 45 46 47 48 
1 9 139 140 141 43 44 45 46 47 48 
1 9 139 140 141 142 143 45 46 47 48 
1 8 139 140 141 142 224 225 226 227 
1 7 97 98 99 100 210 211 212 
1 7 97 98 99 24 25 26 27 
1 7 97 98 99 224 225 226 227 
1 7 97 98 99 194 195 196 197 
1 7 206 207 144 145 146 147 148 
1 6 206 207 208 239 240 241 
1 8 206 207 124 125 126 127 128 129 
1 7 206 207 102 103 104 105 106 
1 7 235 236 144 145 146 147 148 
1 6 235 236 209 210 211 212 
1 8 235 236 124 125 126 127 128 129 
1 7 235 236 102 103 104 105 106 
1 7 59 60 61 224 225 226 227 
1 7 21 22 144 145 146 147 148 
1 6 21 22 209 210 211 212 
1 8 21 22 124 125 126 127 128 129 
1 7 21 22 23 126 127 128 129 
1 7 21 22 23 24 104 105 106 
1 7 21 22 102 103 104 105 106 
1 7 10 11 44 45 46 47 48 
1 8 10 11 124 125 126 127 128 129 
1 5 191 192 239 240 241 
1 7 191 192 78 79 80 81 82 
1 7 191 192 193 45 46 47 48 
1 7 191 192 44 45 46 47 48 
1 7 191 192 193 194 127 128 129 
1 7 191 192 193 126 127 128 129 
1 7 191 192 193 103 104 105 106 
1 10 191 192 183 184 185 186 187 188 189 190 
1 6 140 141 238 239 240 241 
1 6 140 141 142 239 240 241 
1 7 140 141 78 79 80 81 82 
1 7 140 141 142 224 225 226 227 
1 6 140 141 194 195 196 197 
1 6 40 41 238 239 240 241 
1 6 40 41 24 25 26 27 
1 6 40 41 194 195 196 197 
1 6 221 222 79 80 81 82 
1 7 221 222 223 126 127 128 129 
1 7 221 222 102 103 104 105 106 
1 8 60 61 62 63 64 127 128 129 
1 6 60 61 194 195 196 197 
1 6 236 237 238 46 47 48 
1 6 75 76 77 146 147 148 
1 7 75 76 77 78 127 128 129 
1 7 75 76 77 126 127 128 129 
1 6 22 23 79 80 81 82 
1 5 141 142 210 211 212 
1 6 141 142 143 46 47 48 
1 6 99 100 101 46 47 48 
1 5 122 123 210 211 212 
1 8 180 181 182 183 184 127 128 129 
