24 77 7
1 2 11 18 
1 3 11 3 4 
1 3 11 18 19 
1 4 11 12 14 15 
1 4 11 18 19 20 
1 4 11 12 19 20 
1 2 1 18 
1 3 1 3 4 
1 3 1 18 19 
1 4 1 2 14 15 
1 4 1 18 19 20 
1 4 1 2 19 20 
1 4 1 2 3 10 
1 2 7 18 
1 3 7 3 4 
1 3 7 18 19 
1 3 7 14 15 
1 4 7 18 19 20 
1 4 7 8 9 10 
1 4 7 14 15 16 
1 5 7 8 9 5 6 
1 5 7 3 4 5 6 
1 4 12 13 14 10 
1 4 12 13 15 16 
1 4 12 13 5 6 
1 4 12 13 20 21 
1 4 12 13 14 21 
1 3 2 3 10 
1 4 2 3 15 16 
1 4 2 3 5 6 
1 4 2 3 20 21 
1 4 2 3 4 21 
1 3 8 9 10 
1 4 8 9 5 6 
1 4 8 9 20 21 
1 4 8 9 16 17 
1 3 13 14 10 
1 3 13 14 21 
1 4 13 14 16 17 
1 4 13 14 15 17 
1 5 13 14 15 16 22 
1 4 13 14 21 22 
1 3 3 4 21 
1 4 3 4 16 17 
1 4 3 4 21 22 
1 2 18 10 
1 3 18 15 16 
1 3 18 5 6 
1 3 18 20 21 
1 3 18 19 21 
1 4 18 15 16 17 
1 4 18 19 16 17 
1 4 18 19 20 17 
1 4 18 20 21 22 
1 4 18 19 21 22 
1 4 18 19 20 22 
1 3 14 15 17 
1 4 14 15 16 22 
1 4 4 5 6 23 
1 3 19 20 17 
1 3 19 20 22 
1 4 19 20 21 23 
1 4 19 20 22 23 
1 4 19 20 21 0 
1 3 15 16 22 
1 4 15 16 17 23 
1 4 15 16 22 23 
1 4 15 16 17 0 
1 3 5 6 23 
1 3 20 21 23 
1 3 20 21 0 
1 2 10 22 
1 3 10 22 23 
1 3 16 17 23 
1 3 16 17 0 
1 2 21 23 
1 2 21 0 
