param n := 10000;
param num_subsets := 2;
param s := 
1 2
2 3
3 8
4 10
5 4
6 8
7 10
8 1
9 6
10 1
11 5
12 5
13 6
14 8
15 3
16 3
17 2
18 6
19 1
20 4
21 2
22 3
23 6
24 1
25 7
26 2
27 4
28 10
29 6
30 6
31 8
32 2
33 8
34 1
35 7
36 4
37 9
38 4
39 8
40 1
41 3
42 8
43 9
44 9
45 1
46 10
47 7
48 2
49 1
50 6
51 4
52 4
53 9
54 7
55 2
56 4
57 1
58 5
59 5
60 2
61 10
62 10
63 6
64 1
65 2
66 5
67 4
68 10
69 1
70 7
71 9
72 8
73 1
74 8
75 4
76 9
77 7
78 4
79 4
80 6
81 6
82 1
83 3
84 4
85 4
86 6
87 4
88 5
89 1
90 2
91 9
92 10
93 8
94 3
95 5
96 3
97 6
98 3
99 6
100 9
101 1
102 6
103 10
104 7
105 3
106 4
107 1
108 7
109 4
110 3
111 8
112 6
113 3
114 2
115 4
116 1
117 1
118 6
119 10
120 4
121 1
122 3
123 3
124 9
125 1
126 6
127 10
128 3
129 6
130 8
131 2
132 8
133 10
134 6
135 7
136 1
137 4
138 8
139 10
140 5
141 8
142 8
143 3
144 7
145 10
146 3
147 6
148 9
149 3
150 3
151 6
152 1
153 5
154 5
155 9
156 8
157 1
158 9
159 3
160 9
161 6
162 5
163 3
164 2
165 10
166 4
167 3
168 4
169 7
170 7
171 4
172 6
173 9
174 1
175 2
176 8
177 3
178 6
179 7
180 3
181 3
182 3
183 9
184 5
185 8
186 1
187 4
188 1
189 7
190 6
191 10
192 3
193 10
194 7
195 2
196 5
197 8
198 9
199 1
200 1
201 9
202 2
203 6
204 7
205 2
206 9
207 3
208 2
209 8
210 5
211 2
212 1
213 1
214 1
215 4
216 9
217 7
218 4
219 10
220 8
221 2
222 9
223 7
224 4
225 6
226 3
227 5
228 4
229 10
230 8
231 5
232 6
233 2
234 5
235 5
236 5
237 5
238 6
239 1
240 6
241 4
242 10
243 7
244 7
245 9
246 10
247 8
248 5
249 3
250 3
251 9
252 3
253 8
254 7
255 9
256 3
257 9
258 5
259 4
260 9
261 1
262 7
263 7
264 1
265 6
266 8
267 6
268 4
269 7
270 1
271 7
272 10
273 3
274 4
275 9
276 5
277 2
278 3
279 8
280 8
281 10
282 9
283 1
284 9
285 7
286 10
287 9
288 5
289 9
290 4
291 2
292 8
293 2
294 8
295 3
296 7
297 3
298 2
299 10
300 10
301 9
302 8
303 2
304 1
305 5
306 9
307 6
308 10
309 9
310 5
311 4
312 4
313 4
314 4
315 10
316 1
317 3
318 7
319 5
320 4
321 7
322 4
323 3
324 7
325 10
326 2
327 3
328 3
329 2
330 3
331 2
332 2
333 4
334 9
335 2
336 2
337 5
338 10
339 9
340 6
341 7
342 3
343 1
344 5
345 10
346 1
347 2
348 5
349 6
350 6
351 10
352 9
353 9
354 3
355 10
356 9
357 6
358 10
359 9
360 4
361 5
362 6
363 8
364 7
365 5
366 2
367 6
368 8
369 5
370 2
371 1
372 6
373 1
374 5
375 7
376 4
377 10
378 6
379 1
380 10
381 6
382 10
383 9
384 2
385 1
386 8
387 9
388 1
389 9
390 1
391 3
392 7
393 6
394 4
395 8
396 6
397 6
398 1
399 5
400 3
401 1
402 2
403 8
404 3
405 10
406 4
407 9
408 4
409 2
410 4
411 5
412 7
413 4
414 10
415 9
416 7
417 1
418 10
419 3
420 5
421 10
422 10
423 9
424 1
425 3
426 10
427 1
428 5
429 4
430 4
431 4
432 1
433 7
434 9
435 7
436 3
437 2
438 10
439 4
440 10
441 7
442 8
443 10
444 4
445 1
446 1
447 1
448 6
449 8
450 4
451 6
452 7
453 7
454 3
455 5
456 9
457 1
458 9
459 5
460 6
461 3
462 7
463 2
464 3
465 5
466 8
467 7
468 10
469 5
470 6
471 4
472 7
473 6
474 6
475 3
476 2
477 6
478 7
479 3
480 8
481 3
482 3
483 7
484 5
485 1
486 3
487 2
488 7
489 7
490 4
491 2
492 9
493 9
494 7
495 6
496 6
497 1
498 7
499 5
500 6
501 8
502 7
503 9
504 1
505 7
506 9
507 1
508 1
509 2
510 7
511 3
512 8
513 7
514 9
515 6
516 5
517 10
518 9
519 10
520 9
521 1
522 7
523 7
524 7
525 6
526 8
527 2
528 9
529 5
530 4
531 8
532 5
533 9
534 6
535 9
536 8
537 8
538 10
539 3
540 4
541 6
542 6
543 5
544 7
545 6
546 3
547 8
548 2
549 10
550 4
551 5
552 5
553 2
554 9
555 5
556 2
557 10
558 3
559 1
560 1
561 8
562 10
563 7
564 3
565 3
566 3
567 4
568 6
569 7
570 2
571 3
572 6
573 9
574 7
575 9
576 8
577 6
578 10
579 4
580 3
581 8
582 1
583 3
584 4
585 8
586 10
587 1
588 10
589 2
590 9
591 1
592 7
593 5
594 6
595 1
596 1
597 5
598 9
599 1
600 2
601 5
602 4
603 3
604 2
605 6
606 2
607 6
608 2
609 7
610 9
611 9
612 7
613 7
614 10
615 4
616 8
617 7
618 3
619 4
620 5
621 5
622 9
623 4
624 10
625 9
626 4
627 5
628 1
629 10
630 1
631 7
632 6
633 2
634 4
635 9
636 10
637 2
638 6
639 5
640 7
641 4
642 7
643 7
644 5
645 9
646 2
647 4
648 9
649 5
650 5
651 10
652 5
653 5
654 1
655 7
656 9
657 1
658 8
659 10
660 1
661 2
662 6
663 8
664 10
665 1
666 10
667 4
668 8
669 10
670 6
671 4
672 9
673 6
674 9
675 6
676 6
677 5
678 8
679 5
680 7
681 3
682 3
683 5
684 6
685 3
686 10
687 1
688 6
689 5
690 7
691 7
692 2
693 2
694 1
695 9
696 8
697 2
698 5
699 6
700 2
701 3
702 3
703 2
704 9
705 1
706 1
707 5
708 5
709 10
710 7
711 5
712 5
713 10
714 8
715 8
716 7
717 1
718 4
719 7
720 6
721 8
722 5
723 2
724 9
725 7
726 9
727 3
728 7
729 5
730 1
731 4
732 3
733 2
734 5
735 10
736 3
737 3
738 1
739 4
740 10
741 7
742 10
743 6
744 4
745 4
746 6
747 7
748 5
749 2
750 8
751 8
752 5
753 1
754 1
755 9
756 4
757 8
758 6
759 9
760 2
761 6
762 10
763 10
764 3
765 3
766 2
767 2
768 10
769 9
770 7
771 3
772 2
773 6
774 8
775 10
776 6
777 8
778 6
779 5
780 8
781 9
782 10
783 8
784 1
785 5
786 8
787 8
788 2
789 3
790 2
791 5
792 9
793 10
794 10
795 9
796 1
797 5
798 8
799 2
800 10
801 7
802 8
803 10
804 9
805 3
806 6
807 2
808 10
809 3
810 3
811 4
812 2
813 10
814 4
815 6
816 3
817 2
818 10
819 5
820 4
821 2
822 6
823 6
824 5
825 9
826 7
827 2
828 6
829 4
830 7
831 9
832 9
833 9
834 10
835 6
836 1
837 8
838 10
839 10
840 2
841 6
842 7
843 10
844 3
845 10
846 2
847 8
848 1
849 6
850 7
851 5
852 3
853 7
854 3
855 1
856 5
857 9
858 6
859 5
860 3
861 5
862 9
863 3
864 2
865 5
866 3
867 8
868 3
869 9
870 6
871 1
872 9
873 7
874 7
875 1
876 5
877 4
878 2
879 9
880 10
881 7
882 3
883 3
884 4
885 9
886 8
887 5
888 2
889 1
890 10
891 8
892 10
893 6
894 3
895 1
896 7
897 2
898 2
899 9
900 1
901 5
902 2
903 3
904 10
905 1
906 2
907 10
908 9
909 6
910 1
911 10
912 9
913 1
914 4
915 6
916 8
917 4
918 2
919 1
920 3
921 9
922 9
923 7
924 6
925 1
926 9
927 8
928 10
929 3
930 1
931 2
932 3
933 1
934 8
935 10
936 7
937 6
938 2
939 7
940 10
941 4
942 3
943 7
944 5
945 9
946 7
947 3
948 7
949 4
950 8
951 6
952 10
953 9
954 5
955 2
956 10
957 5
958 10
959 5
960 6
961 1
962 8
963 8
964 1
965 7
966 7
967 6
968 4
969 8
970 10
971 7
972 6
973 5
974 2
975 5
976 4
977 8
978 6
979 6
980 3
981 7
982 2
983 5
984 7
985 2
986 5
987 10
988 6
989 9
990 5
991 5
992 3
993 2
994 8
995 5
996 8
997 3
998 3
999 8
1000 9
1001 5
1002 5
1003 8
1004 1
1005 4
1006 6
1007 4
1008 1
1009 5
1010 7
1011 9
1012 8
1013 9
1014 1
1015 2
1016 9
1017 4
1018 8
1019 6
1020 6
1021 10
1022 3
1023 6
1024 5
1025 1
1026 10
1027 2
1028 2
1029 4
1030 8
1031 1
1032 8
1033 9
1034 2
1035 3
1036 10
1037 2
1038 5
1039 9
1040 3
1041 7
1042 10
1043 3
1044 1
1045 5
1046 8
1047 1
1048 1
1049 4
1050 1
1051 9
1052 2
1053 5
1054 6
1055 2
1056 6
1057 9
1058 9
1059 5
1060 8
1061 8
1062 8
1063 5
1064 9
1065 7
1066 2
1067 8
1068 9
1069 9
1070 5
1071 6
1072 3
1073 4
1074 5
1075 6
1076 10
1077 10
1078 5
1079 2
1080 10
1081 4
1082 2
1083 10
1084 3
1085 7
1086 8
1087 3
1088 9
1089 4
1090 10
1091 8
1092 3
1093 2
1094 6
1095 1
1096 4
1097 8
1098 2
1099 6
1100 5
1101 9
1102 7
1103 2
1104 4
1105 6
1106 10
1107 4
1108 9
1109 4
1110 2
1111 9
1112 9
1113 6
1114 7
1115 2
1116 10
1117 10
1118 5
1119 7
1120 10
1121 10
1122 9
1123 10
1124 8
1125 4
1126 7
1127 1
1128 10
1129 2
1130 3
1131 8
1132 5
1133 3
1134 10
1135 10
1136 8
1137 5
1138 3
1139 1
1140 3
1141 8
1142 10
1143 7
1144 10
1145 7
1146 7
1147 9
1148 8
1149 8
1150 9
1151 5
1152 10
1153 4
1154 2
1155 10
1156 2
1157 6
1158 6
1159 9
1160 10
1161 2
1162 1
1163 10
1164 10
1165 4
1166 6
1167 5
1168 2
1169 5
1170 1
1171 10
1172 10
1173 4
1174 2
1175 4
1176 3
1177 5
1178 10
1179 2
1180 10
1181 7
1182 5
1183 3
1184 5
1185 7
1186 9
1187 1
1188 9
1189 8
1190 2
1191 9
1192 4
1193 4
1194 6
1195 3
1196 5
1197 3
1198 2
1199 6
1200 7
1201 7
1202 6
1203 5
1204 7
1205 8
1206 10
1207 6
1208 6
1209 3
1210 5
1211 8
1212 9
1213 9
1214 9
1215 5
1216 9
1217 5
1218 2
1219 10
1220 8
1221 7
1222 2
1223 4
1224 8
1225 8
1226 6
1227 4
1228 5
1229 2
1230 7
1231 8
1232 1
1233 9
1234 5
1235 5
1236 1
1237 9
1238 9
1239 5
1240 1
1241 1
1242 10
1243 3
1244 8
1245 4
1246 10
1247 4
1248 2
1249 4
1250 3
1251 10
1252 2
1253 3
1254 2
1255 1
1256 2
1257 3
1258 10
1259 4
1260 8
1261 6
1262 3
1263 2
1264 2
1265 3
1266 1
1267 10
1268 1
1269 2
1270 7
1271 5
1272 2
1273 7
1274 9
1275 2
1276 9
1277 1
1278 2
1279 7
1280 3
1281 5
1282 8
1283 1
1284 2
1285 2
1286 1
1287 3
1288 2
1289 5
1290 2
1291 9
1292 9
1293 2
1294 8
1295 9
1296 1
1297 2
1298 1
1299 7
1300 2
1301 5
1302 5
1303 3
1304 7
1305 3
1306 1
1307 9
1308 8
1309 2
1310 9
1311 4
1312 2
1313 1
1314 5
1315 7
1316 4
1317 7
1318 4
1319 7
1320 1
1321 8
1322 2
1323 9
1324 3
1325 3
1326 10
1327 10
1328 8
1329 4
1330 7
1331 5
1332 5
1333 6
1334 4
1335 6
1336 3
1337 8
1338 2
1339 4
1340 4
1341 4
1342 6
1343 5
1344 4
1345 8
1346 8
1347 3
1348 9
1349 9
1350 7
1351 5
1352 3
1353 7
1354 7
1355 1
1356 2
1357 5
1358 2
1359 10
1360 5
1361 7
1362 7
1363 2
1364 1
1365 7
1366 9
1367 4
1368 5
1369 10
1370 10
1371 8
1372 4
1373 8
1374 6
1375 5
1376 6
1377 5
1378 2
1379 5
1380 1
1381 5
1382 8
1383 9
1384 3
1385 6
1386 3
1387 4
1388 8
1389 1
1390 10
1391 5
1392 4
1393 8
1394 7
1395 5
1396 6
1397 1
1398 9
1399 2
1400 6
1401 5
1402 9
1403 8
1404 7
1405 8
1406 3
1407 7
1408 9
1409 7
1410 9
1411 9
1412 2
1413 7
1414 6
1415 8
1416 5
1417 7
1418 5
1419 5
1420 10
1421 8
1422 2
1423 9
1424 5
1425 10
1426 9
1427 10
1428 6
1429 6
1430 10
1431 3
1432 7
1433 1
1434 2
1435 7
1436 6
1437 5
1438 1
1439 8
1440 5
1441 4
1442 1
1443 2
1444 6
1445 4
1446 8
1447 3
1448 8
1449 9
1450 4
1451 4
1452 7
1453 8
1454 6
1455 9
1456 3
1457 2
1458 2
1459 4
1460 5
1461 6
1462 2
1463 2
1464 3
1465 5
1466 7
1467 2
1468 10
1469 4
1470 3
1471 9
1472 9
1473 1
1474 4
1475 10
1476 6
1477 8
1478 2
1479 9
1480 9
1481 4
1482 4
1483 8
1484 6
1485 5
1486 2
1487 2
1488 9
1489 5
1490 5
1491 6
1492 4
1493 4
1494 4
1495 10
1496 6
1497 7
1498 9
1499 2
1500 2
1501 8
1502 8
1503 9
1504 5
1505 1
1506 1
1507 10
1508 10
1509 2
1510 6
1511 6
1512 5
1513 6
1514 6
1515 1
1516 4
1517 6
1518 7
1519 10
1520 8
1521 1
1522 2
1523 4
1524 9
1525 1
1526 4
1527 8
1528 3
1529 3
1530 6
1531 1
1532 2
1533 5
1534 2
1535 3
1536 5
1537 8
1538 8
1539 4
1540 5
1541 5
1542 6
1543 2
1544 7
1545 9
1546 6
1547 4
1548 10
1549 5
1550 8
1551 8
1552 5
1553 9
1554 3
1555 6
1556 1
1557 10
1558 6
1559 4
1560 3
1561 9
1562 3
1563 5
1564 2
1565 4
1566 8
1567 7
1568 7
1569 2
1570 4
1571 4
1572 10
1573 10
1574 9
1575 10
1576 2
1577 7
1578 6
1579 4
1580 8
1581 4
1582 7
1583 6
1584 1
1585 10
1586 1
1587 6
1588 2
1589 6
1590 5
1591 10
1592 1
1593 1
1594 5
1595 9
1596 5
1597 3
1598 6
1599 7
1600 6
1601 2
1602 4
1603 2
1604 6
1605 5
1606 1
1607 6
1608 3
1609 4
1610 9
1611 9
1612 4
1613 1
1614 2
1615 9
1616 3
1617 8
1618 5
1619 9
1620 3
1621 10
1622 2
1623 8
1624 6
1625 5
1626 4
1627 8
1628 7
1629 9
1630 1
1631 8
1632 2
1633 5
1634 1
1635 9
1636 9
1637 4
1638 3
1639 5
1640 2
1641 10
1642 1
1643 5
1644 2
1645 3
1646 1
1647 8
1648 1
1649 5
1650 2
1651 4
1652 1
1653 4
1654 3
1655 5
1656 10
1657 6
1658 10
1659 8
1660 2
1661 8
1662 4
1663 5
1664 4
1665 10
1666 8
1667 10
1668 4
1669 10
1670 2
1671 8
1672 9
1673 2
1674 3
1675 9
1676 1
1677 3
1678 7
1679 9
1680 3
1681 4
1682 8
1683 3
1684 3
1685 5
1686 3
1687 10
1688 10
1689 10
1690 9
1691 9
1692 6
1693 4
1694 7
1695 6
1696 8
1697 1
1698 9
1699 5
1700 8
1701 3
1702 8
1703 2
1704 8
1705 1
1706 2
1707 10
1708 9
1709 9
1710 7
1711 6
1712 9
1713 8
1714 3
1715 8
1716 6
1717 8
1718 6
1719 4
1720 8
1721 6
1722 4
1723 3
1724 1
1725 10
1726 5
1727 5
1728 9
1729 9
1730 2
1731 6
1732 4
1733 4
1734 7
1735 4
1736 1
1737 10
1738 9
1739 7
1740 2
1741 6
1742 8
1743 7
1744 2
1745 2
1746 1
1747 4
1748 7
1749 1
1750 3
1751 8
1752 9
1753 4
1754 2
1755 1
1756 2
1757 9
1758 1
1759 10
1760 8
1761 5
1762 4
1763 2
1764 2
1765 9
1766 9
1767 4
1768 1
1769 1
1770 3
1771 6
1772 8
1773 2
1774 10
1775 9
1776 1
1777 2
1778 3
1779 7
1780 4
1781 1
1782 2
1783 3
1784 5
1785 10
1786 8
1787 10
1788 1
1789 5
1790 8
1791 6
1792 3
1793 10
1794 7
1795 4
1796 8
1797 2
1798 2
1799 1
1800 3
1801 9
1802 5
1803 7
1804 10
1805 5
1806 3
1807 3
1808 7
1809 8
1810 5
1811 1
1812 3
1813 9
1814 10
1815 6
1816 5
1817 1
1818 10
1819 10
1820 8
1821 3
1822 9
1823 2
1824 3
1825 5
1826 6
1827 9
1828 5
1829 4
1830 4
1831 2
1832 6
1833 8
1834 6
1835 7
1836 9
1837 2
1838 5
1839 8
1840 7
1841 8
1842 9
1843 8
1844 10
1845 9
1846 5
1847 9
1848 3
1849 7
1850 2
1851 10
1852 7
1853 6
1854 9
1855 6
1856 6
1857 7
1858 7
1859 10
1860 1
1861 8
1862 9
1863 9
1864 6
1865 6
1866 8
1867 10
1868 5
1869 8
1870 3
1871 6
1872 9
1873 2
1874 9
1875 9
1876 6
1877 7
1878 8
1879 3
1880 4
1881 2
1882 10
1883 8
1884 5
1885 9
1886 2
1887 10
1888 10
1889 9
1890 5
1891 9
1892 10
1893 3
1894 9
1895 5
1896 1
1897 4
1898 8
1899 1
1900 8
1901 5
1902 3
1903 8
1904 10
1905 4
1906 7
1907 5
1908 7
1909 7
1910 8
1911 7
1912 1
1913 8
1914 5
1915 2
1916 8
1917 2
1918 4
1919 6
1920 3
1921 9
1922 8
1923 10
1924 4
1925 1
1926 3
1927 7
1928 3
1929 3
1930 10
1931 7
1932 6
1933 8
1934 8
1935 5
1936 7
1937 3
1938 6
1939 3
1940 2
1941 2
1942 2
1943 2
1944 7
1945 8
1946 2
1947 10
1948 1
1949 5
1950 1
1951 8
1952 2
1953 5
1954 10
1955 9
1956 3
1957 9
1958 9
1959 10
1960 2
1961 1
1962 4
1963 6
1964 10
1965 6
1966 2
1967 6
1968 1
1969 8
1970 7
1971 3
1972 5
1973 6
1974 3
1975 6
1976 8
1977 4
1978 1
1979 9
1980 8
1981 5
1982 6
1983 4
1984 8
1985 2
1986 10
1987 1
1988 7
1989 10
1990 8
1991 7
1992 3
1993 5
1994 9
1995 5
1996 10
1997 2
1998 5
1999 10
2000 2
2001 3
2002 10
2003 6
2004 1
2005 3
2006 5
2007 8
2008 5
2009 6
2010 1
2011 2
2012 10
2013 10
2014 7
2015 7
2016 5
2017 4
2018 2
2019 3
2020 6
2021 2
2022 4
2023 6
2024 4
2025 2
2026 3
2027 3
2028 8
2029 9
2030 8
2031 10
2032 2
2033 3
2034 7
2035 1
2036 2
2037 2
2038 8
2039 5
2040 3
2041 5
2042 8
2043 7
2044 8
2045 5
2046 2
2047 2
2048 1
2049 8
2050 8
2051 5
2052 5
2053 1
2054 6
2055 7
2056 4
2057 6
2058 10
2059 2
2060 7
2061 9
2062 5
2063 10
2064 1
2065 1
2066 6
2067 9
2068 6
2069 6
2070 10
2071 1
2072 5
2073 3
2074 10
2075 7
2076 4
2077 1
2078 6
2079 10
2080 5
2081 1
2082 8
2083 1
2084 6
2085 3
2086 5
2087 10
2088 6
2089 2
2090 7
2091 6
2092 3
2093 1
2094 9
2095 2
2096 4
2097 5
2098 9
2099 1
2100 6
2101 10
2102 5
2103 3
2104 4
2105 2
2106 8
2107 9
2108 4
2109 10
2110 9
2111 8
2112 5
2113 2
2114 6
2115 1
2116 7
2117 9
2118 10
2119 5
2120 6
2121 9
2122 8
2123 10
2124 2
2125 5
2126 8
2127 9
2128 8
2129 8
2130 2
2131 2
2132 9
2133 5
2134 9
2135 3
2136 3
2137 6
2138 5
2139 6
2140 8
2141 9
2142 8
2143 6
2144 2
2145 1
2146 5
2147 7
2148 1
2149 2
2150 6
2151 6
2152 5
2153 4
2154 10
2155 5
2156 4
2157 2
2158 2
2159 10
2160 6
2161 8
2162 6
2163 8
2164 1
2165 9
2166 1
2167 9
2168 3
2169 2
2170 9
2171 7
2172 3
2173 6
2174 1
2175 7
2176 8
2177 1
2178 2
2179 9
2180 6
2181 3
2182 8
2183 5
2184 4
2185 4
2186 6
2187 3
2188 2
2189 7
2190 7
2191 9
2192 7
2193 10
2194 8
2195 8
2196 3
2197 1
2198 5
2199 6
2200 6
2201 3
2202 8
2203 6
2204 4
2205 1
2206 1
2207 8
2208 3
2209 7
2210 6
2211 4
2212 8
2213 7
2214 3
2215 2
2216 5
2217 3
2218 9
2219 5
2220 8
2221 9
2222 6
2223 6
2224 4
2225 5
2226 1
2227 3
2228 4
2229 1
2230 8
2231 9
2232 7
2233 7
2234 8
2235 8
2236 4
2237 6
2238 5
2239 5
2240 5
2241 5
2242 8
2243 4
2244 10
2245 6
2246 9
2247 5
2248 8
2249 6
2250 6
2251 5
2252 8
2253 9
2254 5
2255 1
2256 1
2257 6
2258 1
2259 5
2260 8
2261 1
2262 9
2263 10
2264 2
2265 6
2266 3
2267 9
2268 8
2269 7
2270 5
2271 6
2272 5
2273 8
2274 2
2275 1
2276 1
2277 8
2278 10
2279 2
2280 6
2281 3
2282 7
2283 6
2284 2
2285 3
2286 4
2287 6
2288 4
2289 3
2290 1
2291 5
2292 5
2293 5
2294 7
2295 1
2296 3
2297 8
2298 6
2299 4
2300 1
2301 8
2302 1
2303 9
2304 4
2305 3
2306 4
2307 7
2308 6
2309 1
2310 4
2311 4
2312 4
2313 5
2314 4
2315 7
2316 8
2317 1
2318 3
2319 9
2320 3
2321 5
2322 2
2323 5
2324 6
2325 6
2326 1
2327 8
2328 6
2329 7
2330 7
2331 7
2332 6
2333 8
2334 6
2335 4
2336 10
2337 3
2338 7
2339 4
2340 5
2341 7
2342 2
2343 4
2344 3
2345 4
2346 9
2347 1
2348 8
2349 1
2350 1
2351 9
2352 5
2353 7
2354 1
2355 3
2356 5
2357 9
2358 2
2359 10
2360 2
2361 6
2362 8
2363 4
2364 1
2365 5
2366 2
2367 3
2368 5
2369 1
2370 5
2371 2
2372 7
2373 4
2374 7
2375 4
2376 3
2377 1
2378 5
2379 5
2380 5
2381 6
2382 9
2383 4
2384 3
2385 1
2386 10
2387 10
2388 1
2389 10
2390 5
2391 3
2392 5
2393 7
2394 8
2395 10
2396 2
2397 7
2398 1
2399 6
2400 10
2401 7
2402 6
2403 1
2404 9
2405 1
2406 6
2407 2
2408 9
2409 5
2410 5
2411 3
2412 1
2413 4
2414 8
2415 6
2416 3
2417 9
2418 10
2419 3
2420 10
2421 8
2422 3
2423 9
2424 5
2425 8
2426 7
2427 10
2428 9
2429 6
2430 9
2431 4
2432 1
2433 6
2434 4
2435 1
2436 5
2437 4
2438 1
2439 1
2440 8
2441 1
2442 8
2443 2
2444 10
2445 9
2446 3
2447 6
2448 8
2449 6
2450 2
2451 6
2452 9
2453 10
2454 8
2455 8
2456 7
2457 3
2458 3
2459 4
2460 9
2461 10
2462 6
2463 6
2464 3
2465 4
2466 1
2467 10
2468 4
2469 6
2470 6
2471 6
2472 10
2473 7
2474 6
2475 4
2476 6
2477 2
2478 1
2479 3
2480 10
2481 8
2482 5
2483 1
2484 2
2485 3
2486 4
2487 6
2488 9
2489 9
2490 7
2491 7
2492 9
2493 9
2494 8
2495 4
2496 9
2497 6
2498 1
2499 1
2500 4
2501 4
2502 1
2503 4
2504 5
2505 4
2506 4
2507 7
2508 2
2509 10
2510 1
2511 5
2512 2
2513 5
2514 3
2515 5
2516 5
2517 1
2518 6
2519 8
2520 6
2521 10
2522 1
2523 6
2524 5
2525 3
2526 3
2527 3
2528 2
2529 4
2530 7
2531 10
2532 3
2533 1
2534 4
2535 10
2536 4
2537 2
2538 7
2539 9
2540 8
2541 5
2542 6
2543 9
2544 2
2545 3
2546 7
2547 1
2548 10
2549 4
2550 9
2551 1
2552 2
2553 10
2554 4
2555 2
2556 10
2557 3
2558 10
2559 3
2560 10
2561 1
2562 6
2563 10
2564 3
2565 2
2566 9
2567 10
2568 10
2569 6
2570 2
2571 7
2572 5
2573 7
2574 4
2575 2
2576 2
2577 8
2578 3
2579 1
2580 4
2581 4
2582 4
2583 7
2584 3
2585 5
2586 4
2587 8
2588 3
2589 10
2590 10
2591 3
2592 9
2593 7
2594 10
2595 4
2596 3
2597 5
2598 10
2599 7
2600 4
2601 6
2602 1
2603 1
2604 7
2605 8
2606 10
2607 3
2608 6
2609 8
2610 4
2611 7
2612 7
2613 1
2614 8
2615 9
2616 8
2617 3
2618 4
2619 4
2620 7
2621 6
2622 8
2623 9
2624 3
2625 7
2626 4
2627 9
2628 1
2629 9
2630 2
2631 5
2632 10
2633 2
2634 10
2635 8
2636 7
2637 5
2638 8
2639 7
2640 7
2641 2
2642 7
2643 10
2644 9
2645 10
2646 10
2647 9
2648 3
2649 7
2650 7
2651 9
2652 6
2653 2
2654 7
2655 3
2656 8
2657 7
2658 4
2659 10
2660 9
2661 1
2662 3
2663 1
2664 2
2665 1
2666 1
2667 7
2668 5
2669 3
2670 10
2671 4
2672 9
2673 3
2674 1
2675 8
2676 3
2677 5
2678 3
2679 10
2680 5
2681 9
2682 5
2683 1
2684 5
2685 2
2686 8
2687 10
2688 7
2689 9
2690 4
2691 4
2692 9
2693 8
2694 7
2695 7
2696 4
2697 2
2698 10
2699 10
2700 9
2701 7
2702 9
2703 3
2704 5
2705 10
2706 1
2707 1
2708 4
2709 9
2710 8
2711 3
2712 5
2713 2
2714 7
2715 7
2716 4
2717 2
2718 8
2719 9
2720 3
2721 1
2722 7
2723 6
2724 2
2725 5
2726 9
2727 10
2728 10
2729 6
2730 10
2731 10
2732 7
2733 7
2734 9
2735 9
2736 10
2737 1
2738 5
2739 7
2740 6
2741 5
2742 4
2743 9
2744 5
2745 5
2746 4
2747 4
2748 3
2749 1
2750 1
2751 5
2752 8
2753 5
2754 10
2755 3
2756 2
2757 10
2758 10
2759 8
2760 5
2761 9
2762 3
2763 10
2764 5
2765 4
2766 5
2767 3
2768 6
2769 8
2770 7
2771 9
2772 1
2773 5
2774 8
2775 4
2776 4
2777 6
2778 9
2779 10
2780 2
2781 8
2782 8
2783 8
2784 4
2785 7
2786 7
2787 5
2788 10
2789 10
2790 10
2791 10
2792 2
2793 7
2794 3
2795 3
2796 2
2797 7
2798 5
2799 3
2800 1
2801 3
2802 5
2803 10
2804 8
2805 7
2806 9
2807 9
2808 9
2809 2
2810 5
2811 6
2812 4
2813 6
2814 4
2815 1
2816 7
2817 4
2818 3
2819 3
2820 9
2821 4
2822 4
2823 10
2824 1
2825 3
2826 7
2827 9
2828 6
2829 10
2830 8
2831 4
2832 9
2833 3
2834 10
2835 4
2836 9
2837 10
2838 4
2839 6
2840 4
2841 1
2842 8
2843 9
2844 7
2845 3
2846 9
2847 2
2848 7
2849 8
2850 4
2851 6
2852 5
2853 2
2854 9
2855 3
2856 10
2857 4
2858 6
2859 9
2860 3
2861 5
2862 6
2863 10
2864 5
2865 3
2866 9
2867 9
2868 3
2869 6
2870 2
2871 8
2872 7
2873 9
2874 8
2875 7
2876 4
2877 3
2878 10
2879 1
2880 9
2881 10
2882 5
2883 2
2884 6
2885 6
2886 8
2887 4
2888 6
2889 1
2890 7
2891 9
2892 7
2893 9
2894 3
2895 6
2896 3
2897 5
2898 4
2899 4
2900 9
2901 7
2902 7
2903 9
2904 9
2905 8
2906 9
2907 2
2908 10
2909 5
2910 7
2911 1
2912 8
2913 5
2914 6
2915 9
2916 6
2917 10
2918 3
2919 6
2920 7
2921 10
2922 5
2923 3
2924 6
2925 8
2926 5
2927 6
2928 7
2929 7
2930 5
2931 5
2932 7
2933 5
2934 2
2935 7
2936 6
2937 7
2938 10
2939 2
2940 5
2941 3
2942 4
2943 2
2944 1
2945 8
2946 3
2947 1
2948 3
2949 4
2950 9
2951 4
2952 2
2953 3
2954 1
2955 3
2956 4
2957 10
2958 9
2959 8
2960 8
2961 1
2962 9
2963 3
2964 1
2965 6
2966 1
2967 3
2968 3
2969 2
2970 9
2971 10
2972 4
2973 10
2974 1
2975 8
2976 1
2977 8
2978 9
2979 1
2980 7
2981 6
2982 9
2983 9
2984 4
2985 3
2986 3
2987 4
2988 7
2989 8
2990 5
2991 9
2992 5
2993 1
2994 2
2995 1
2996 10
2997 7
2998 3
2999 10
3000 8
3001 6
3002 7
3003 6
3004 3
3005 7
3006 7
3007 5
3008 7
3009 4
3010 2
3011 9
3012 9
3013 2
3014 1
3015 8
3016 6
3017 6
3018 4
3019 9
3020 1
3021 9
3022 8
3023 10
3024 5
3025 2
3026 5
3027 1
3028 1
3029 4
3030 1
3031 4
3032 2
3033 9
3034 8
3035 7
3036 6
3037 4
3038 7
3039 3
3040 8
3041 2
3042 2
3043 2
3044 5
3045 8
3046 8
3047 1
3048 6
3049 3
3050 8
3051 10
3052 2
3053 7
3054 10
3055 5
3056 7
3057 10
3058 2
3059 5
3060 5
3061 1
3062 1
3063 9
3064 3
3065 5
3066 3
3067 4
3068 4
3069 8
3070 2
3071 6
3072 7
3073 7
3074 2
3075 4
3076 8
3077 8
3078 9
3079 6
3080 8
3081 1
3082 6
3083 9
3084 3
3085 5
3086 4
3087 10
3088 7
3089 6
3090 2
3091 1
3092 3
3093 7
3094 10
3095 1
3096 2
3097 10
3098 4
3099 4
3100 9
3101 10
3102 6
3103 2
3104 8
3105 3
3106 5
3107 9
3108 6
3109 7
3110 3
3111 8
3112 2
3113 8
3114 9
3115 9
3116 2
3117 10
3118 2
3119 3
3120 7
3121 5
3122 3
3123 8
3124 9
3125 8
3126 6
3127 7
3128 10
3129 4
3130 7
3131 1
3132 6
3133 8
3134 4
3135 10
3136 8
3137 7
3138 4
3139 1
3140 10
3141 9
3142 10
3143 7
3144 4
3145 1
3146 4
3147 9
3148 3
3149 9
3150 5
3151 6
3152 6
3153 2
3154 8
3155 7
3156 6
3157 10
3158 5
3159 3
3160 8
3161 10
3162 7
3163 1
3164 3
3165 6
3166 6
3167 9
3168 6
3169 8
3170 2
3171 9
3172 3
3173 8
3174 5
3175 4
3176 5
3177 1
3178 3
3179 10
3180 10
3181 7
3182 2
3183 4
3184 9
3185 9
3186 8
3187 6
3188 9
3189 4
3190 3
3191 10
3192 7
3193 7
3194 10
3195 9
3196 8
3197 3
3198 6
3199 1
3200 2
3201 10
3202 7
3203 6
3204 5
3205 7
3206 9
3207 4
3208 8
3209 2
3210 6
3211 5
3212 6
3213 9
3214 8
3215 3
3216 5
3217 3
3218 10
3219 9
3220 7
3221 8
3222 1
3223 4
3224 2
3225 10
3226 1
3227 2
3228 1
3229 9
3230 8
3231 10
3232 5
3233 1
3234 7
3235 5
3236 4
3237 4
3238 5
3239 1
3240 1
3241 9
3242 6
3243 3
3244 4
3245 1
3246 6
3247 4
3248 3
3249 1
3250 3
3251 8
3252 6
3253 10
3254 5
3255 3
3256 6
3257 3
3258 7
3259 9
3260 3
3261 9
3262 7
3263 3
3264 4
3265 9
3266 9
3267 2
3268 5
3269 2
3270 10
3271 6
3272 7
3273 7
3274 4
3275 10
3276 9
3277 9
3278 8
3279 6
3280 10
3281 5
3282 1
3283 1
3284 2
3285 2
3286 9
3287 2
3288 7
3289 10
3290 2
3291 5
3292 4
3293 2
3294 7
3295 6
3296 3
3297 2
3298 4
3299 1
3300 6
3301 10
3302 7
3303 10
3304 4
3305 4
3306 1
3307 9
3308 3
3309 6
3310 1
3311 1
3312 6
3313 7
3314 6
3315 8
3316 2
3317 8
3318 4
3319 10
3320 7
3321 3
3322 9
3323 6
3324 1
3325 1
3326 9
3327 4
3328 2
3329 10
3330 9
3331 7
3332 3
3333 6
3334 4
3335 3
3336 3
3337 3
3338 6
3339 7
3340 7
3341 6
3342 5
3343 10
3344 1
3345 3
3346 8
3347 2
3348 7
3349 3
3350 3
3351 7
3352 8
3353 2
3354 5
3355 8
3356 3
3357 1
3358 5
3359 7
3360 3
3361 9
3362 8
3363 4
3364 5
3365 1
3366 2
3367 9
3368 7
3369 5
3370 8
3371 7
3372 1
3373 8
3374 2
3375 5
3376 8
3377 6
3378 10
3379 6
3380 9
3381 9
3382 8
3383 4
3384 10
3385 1
3386 7
3387 3
3388 9
3389 9
3390 9
3391 5
3392 1
3393 3
3394 3
3395 6
3396 6
3397 4
3398 4
3399 6
3400 1
3401 7
3402 3
3403 2
3404 1
3405 5
3406 9
3407 3
3408 5
3409 10
3410 1
3411 1
3412 2
3413 2
3414 8
3415 2
3416 1
3417 4
3418 9
3419 6
3420 4
3421 5
3422 4
3423 8
3424 3
3425 8
3426 5
3427 10
3428 6
3429 2
3430 9
3431 6
3432 2
3433 9
3434 5
3435 2
3436 7
3437 5
3438 10
3439 2
3440 10
3441 8
3442 2
3443 1
3444 8
3445 1
3446 2
3447 6
3448 4
3449 1
3450 1
3451 7
3452 8
3453 2
3454 2
3455 1
3456 8
3457 1
3458 5
3459 8
3460 3
3461 8
3462 4
3463 1
3464 3
3465 10
3466 7
3467 4
3468 9
3469 3
3470 1
3471 3
3472 1
3473 9
3474 4
3475 4
3476 8
3477 9
3478 2
3479 2
3480 1
3481 4
3482 8
3483 6
3484 3
3485 7
3486 10
3487 6
3488 9
3489 1
3490 3
3491 7
3492 9
3493 3
3494 4
3495 6
3496 7
3497 8
3498 6
3499 4
3500 8
3501 2
3502 3
3503 5
3504 1
3505 6
3506 8
3507 4
3508 3
3509 7
3510 5
3511 1
3512 10
3513 5
3514 8
3515 9
3516 5
3517 1
3518 1
3519 7
3520 3
3521 6
3522 10
3523 4
3524 1
3525 5
3526 3
3527 8
3528 7
3529 9
3530 2
3531 1
3532 9
3533 6
3534 5
3535 6
3536 4
3537 4
3538 1
3539 1
3540 6
3541 2
3542 10
3543 8
3544 7
3545 2
3546 9
3547 1
3548 4
3549 6
3550 3
3551 4
3552 5
3553 8
3554 6
3555 5
3556 5
3557 10
3558 3
3559 5
3560 3
3561 8
3562 3
3563 1
3564 1
3565 8
3566 6
3567 9
3568 7
3569 3
3570 5
3571 3
3572 7
3573 3
3574 10
3575 3
3576 2
3577 9
3578 1
3579 1
3580 4
3581 7
3582 5
3583 7
3584 4
3585 10
3586 8
3587 9
3588 9
3589 10
3590 6
3591 4
3592 1
3593 3
3594 6
3595 8
3596 3
3597 7
3598 3
3599 5
3600 10
3601 8
3602 3
3603 7
3604 7
3605 8
3606 2
3607 1
3608 9
3609 6
3610 8
3611 4
3612 3
3613 5
3614 5
3615 1
3616 4
3617 6
3618 9
3619 10
3620 10
3621 8
3622 8
3623 8
3624 5
3625 7
3626 1
3627 7
3628 1
3629 8
3630 5
3631 4
3632 7
3633 10
3634 6
3635 8
3636 4
3637 2
3638 3
3639 9
3640 2
3641 7
3642 4
3643 3
3644 4
3645 6
3646 7
3647 9
3648 9
3649 1
3650 9
3651 9
3652 6
3653 2
3654 5
3655 3
3656 8
3657 3
3658 9
3659 3
3660 6
3661 3
3662 3
3663 3
3664 6
3665 1
3666 5
3667 9
3668 10
3669 6
3670 10
3671 7
3672 3
3673 9
3674 8
3675 2
3676 8
3677 3
3678 5
3679 2
3680 7
3681 8
3682 7
3683 10
3684 5
3685 9
3686 8
3687 7
3688 10
3689 9
3690 4
3691 5
3692 1
3693 8
3694 8
3695 2
3696 4
3697 9
3698 9
3699 3
3700 1
3701 9
3702 9
3703 2
3704 8
3705 8
3706 1
3707 5
3708 4
3709 9
3710 3
3711 3
3712 1
3713 10
3714 7
3715 2
3716 5
3717 4
3718 6
3719 8
3720 8
3721 2
3722 2
3723 6
3724 7
3725 5
3726 6
3727 3
3728 9
3729 2
3730 1
3731 8
3732 3
3733 5
3734 5
3735 2
3736 6
3737 4
3738 5
3739 7
3740 4
3741 6
3742 3
3743 5
3744 6
3745 8
3746 7
3747 7
3748 4
3749 1
3750 4
3751 9
3752 7
3753 3
3754 7
3755 6
3756 1
3757 7
3758 8
3759 8
3760 4
3761 6
3762 6
3763 1
3764 7
3765 8
3766 8
3767 5
3768 7
3769 8
3770 8
3771 3
3772 9
3773 6
3774 7
3775 1
3776 7
3777 5
3778 10
3779 9
3780 3
3781 1
3782 10
3783 4
3784 2
3785 9
3786 2
3787 5
3788 10
3789 8
3790 2
3791 8
3792 6
3793 9
3794 1
3795 1
3796 8
3797 1
3798 3
3799 9
3800 7
3801 3
3802 2
3803 6
3804 10
3805 4
3806 9
3807 10
3808 3
3809 10
3810 8
3811 9
3812 8
3813 2
3814 7
3815 3
3816 2
3817 7
3818 5
3819 3
3820 3
3821 1
3822 9
3823 6
3824 10
3825 7
3826 5
3827 3
3828 9
3829 3
3830 2
3831 10
3832 3
3833 7
3834 9
3835 5
3836 4
3837 1
3838 7
3839 10
3840 1
3841 6
3842 1
3843 3
3844 9
3845 4
3846 2
3847 7
3848 8
3849 2
3850 4
3851 2
3852 2
3853 1
3854 4
3855 9
3856 3
3857 2
3858 6
3859 1
3860 6
3861 9
3862 7
3863 3
3864 3
3865 6
3866 10
3867 3
3868 8
3869 9
3870 4
3871 7
3872 6
3873 5
3874 1
3875 10
3876 4
3877 10
3878 2
3879 7
3880 8
3881 1
3882 1
3883 10
3884 3
3885 8
3886 9
3887 3
3888 8
3889 6
3890 5
3891 1
3892 4
3893 9
3894 9
3895 10
3896 10
3897 1
3898 10
3899 3
3900 3
3901 6
3902 4
3903 5
3904 1
3905 10
3906 6
3907 5
3908 2
3909 8
3910 2
3911 8
3912 1
3913 6
3914 1
3915 5
3916 10
3917 7
3918 10
3919 2
3920 7
3921 3
3922 5
3923 1
3924 10
3925 8
3926 8
3927 2
3928 6
3929 5
3930 8
3931 1
3932 4
3933 2
3934 7
3935 8
3936 10
3937 8
3938 7
3939 3
3940 4
3941 6
3942 7
3943 10
3944 6
3945 9
3946 1
3947 1
3948 1
3949 9
3950 3
3951 3
3952 8
3953 3
3954 7
3955 7
3956 5
3957 10
3958 4
3959 1
3960 9
3961 9
3962 10
3963 4
3964 2
3965 7
3966 7
3967 8
3968 3
3969 1
3970 10
3971 2
3972 10
3973 7
3974 8
3975 9
3976 7
3977 10
3978 3
3979 7
3980 7
3981 10
3982 2
3983 1
3984 10
3985 1
3986 2
3987 10
3988 1
3989 7
3990 3
3991 10
3992 10
3993 2
3994 10
3995 3
3996 6
3997 1
3998 1
3999 8
4000 6
4001 6
4002 3
4003 4
4004 8
4005 8
4006 1
4007 1
4008 4
4009 7
4010 2
4011 9
4012 8
4013 5
4014 6
4015 3
4016 7
4017 6
4018 5
4019 1
4020 3
4021 4
4022 9
4023 9
4024 3
4025 8
4026 6
4027 5
4028 2
4029 4
4030 9
4031 7
4032 2
4033 8
4034 8
4035 3
4036 9
4037 8
4038 9
4039 7
4040 1
4041 5
4042 9
4043 6
4044 5
4045 2
4046 9
4047 7
4048 8
4049 9
4050 9
4051 2
4052 6
4053 3
4054 8
4055 7
4056 6
4057 7
4058 7
4059 8
4060 6
4061 4
4062 1
4063 7
4064 7
4065 9
4066 3
4067 9
4068 6
4069 7
4070 1
4071 10
4072 9
4073 5
4074 8
4075 2
4076 2
4077 5
4078 5
4079 3
4080 4
4081 10
4082 10
4083 4
4084 6
4085 6
4086 8
4087 8
4088 5
4089 2
4090 1
4091 2
4092 4
4093 9
4094 6
4095 1
4096 9
4097 5
4098 9
4099 10
4100 1
4101 1
4102 6
4103 5
4104 3
4105 10
4106 2
4107 4
4108 1
4109 2
4110 10
4111 6
4112 2
4113 5
4114 10
4115 9
4116 3
4117 2
4118 2
4119 8
4120 2
4121 4
4122 1
4123 5
4124 4
4125 7
4126 2
4127 10
4128 8
4129 6
4130 10
4131 2
4132 8
4133 8
4134 5
4135 9
4136 1
4137 8
4138 3
4139 5
4140 1
4141 9
4142 10
4143 7
4144 8
4145 6
4146 6
4147 9
4148 6
4149 4
4150 10
4151 8
4152 6
4153 8
4154 5
4155 5
4156 1
4157 8
4158 9
4159 10
4160 8
4161 6
4162 2
4163 8
4164 1
4165 6
4166 1
4167 8
4168 2
4169 4
4170 10
4171 6
4172 6
4173 7
4174 5
4175 6
4176 4
4177 9
4178 2
4179 10
4180 2
4181 4
4182 7
4183 1
4184 6
4185 1
4186 1
4187 7
4188 4
4189 2
4190 3
4191 6
4192 10
4193 10
4194 1
4195 1
4196 4
4197 1
4198 3
4199 7
4200 3
4201 10
4202 8
4203 6
4204 1
4205 9
4206 4
4207 8
4208 7
4209 8
4210 1
4211 4
4212 7
4213 4
4214 4
4215 4
4216 2
4217 6
4218 5
4219 8
4220 1
4221 8
4222 9
4223 6
4224 9
4225 3
4226 2
4227 1
4228 8
4229 5
4230 8
4231 10
4232 6
4233 7
4234 1
4235 5
4236 3
4237 2
4238 8
4239 9
4240 10
4241 3
4242 4
4243 4
4244 3
4245 10
4246 7
4247 7
4248 5
4249 3
4250 1
4251 8
4252 6
4253 8
4254 4
4255 6
4256 6
4257 7
4258 7
4259 7
4260 3
4261 6
4262 3
4263 1
4264 8
4265 3
4266 9
4267 5
4268 4
4269 5
4270 5
4271 5
4272 2
4273 6
4274 6
4275 2
4276 10
4277 8
4278 4
4279 7
4280 4
4281 9
4282 6
4283 1
4284 10
4285 5
4286 2
4287 2
4288 8
4289 9
4290 10
4291 3
4292 10
4293 3
4294 10
4295 1
4296 10
4297 7
4298 6
4299 1
4300 1
4301 1
4302 7
4303 3
4304 10
4305 4
4306 5
4307 3
4308 3
4309 10
4310 8
4311 3
4312 1
4313 10
4314 6
4315 2
4316 6
4317 5
4318 2
4319 5
4320 6
4321 10
4322 7
4323 4
4324 3
4325 10
4326 10
4327 2
4328 4
4329 7
4330 1
4331 5
4332 5
4333 6
4334 7
4335 10
4336 1
4337 3
4338 10
4339 10
4340 8
4341 4
4342 7
4343 5
4344 5
4345 2
4346 10
4347 10
4348 3
4349 10
4350 1
4351 5
4352 6
4353 7
4354 1
4355 2
4356 10
4357 5
4358 10
4359 7
4360 7
4361 8
4362 10
4363 6
4364 3
4365 2
4366 2
4367 6
4368 3
4369 5
4370 10
4371 6
4372 2
4373 2
4374 8
4375 7
4376 10
4377 9
4378 1
4379 7
4380 1
4381 1
4382 2
4383 5
4384 9
4385 2
4386 8
4387 10
4388 9
4389 7
4390 6
4391 1
4392 4
4393 7
4394 4
4395 2
4396 2
4397 1
4398 9
4399 4
4400 8
4401 9
4402 10
4403 4
4404 2
4405 7
4406 7
4407 1
4408 10
4409 4
4410 7
4411 1
4412 7
4413 5
4414 2
4415 9
4416 6
4417 4
4418 4
4419 3
4420 10
4421 8
4422 3
4423 10
4424 6
4425 7
4426 4
4427 5
4428 1
4429 3
4430 10
4431 9
4432 6
4433 7
4434 8
4435 4
4436 3
4437 1
4438 10
4439 1
4440 2
4441 5
4442 9
4443 6
4444 5
4445 8
4446 1
4447 8
4448 10
4449 9
4450 9
4451 4
4452 5
4453 7
4454 5
4455 10
4456 1
4457 8
4458 6
4459 10
4460 9
4461 8
4462 10
4463 7
4464 2
4465 10
4466 5
4467 9
4468 4
4469 6
4470 4
4471 10
4472 6
4473 3
4474 7
4475 1
4476 6
4477 9
4478 6
4479 6
4480 3
4481 1
4482 4
4483 10
4484 9
4485 10
4486 6
4487 8
4488 3
4489 10
4490 1
4491 7
4492 4
4493 6
4494 6
4495 9
4496 3
4497 3
4498 4
4499 2
4500 9
4501 2
4502 6
4503 6
4504 10
4505 2
4506 10
4507 8
4508 9
4509 7
4510 9
4511 2
4512 5
4513 6
4514 1
4515 6
4516 6
4517 7
4518 5
4519 6
4520 10
4521 5
4522 6
4523 7
4524 10
4525 7
4526 5
4527 8
4528 10
4529 7
4530 7
4531 2
4532 10
4533 1
4534 9
4535 2
4536 4
4537 3
4538 3
4539 5
4540 6
4541 10
4542 8
4543 1
4544 8
4545 5
4546 8
4547 5
4548 10
4549 3
4550 4
4551 6
4552 5
4553 9
4554 4
4555 2
4556 8
4557 6
4558 1
4559 9
4560 3
4561 3
4562 9
4563 2
4564 5
4565 8
4566 6
4567 1
4568 8
4569 6
4570 5
4571 5
4572 3
4573 3
4574 5
4575 3
4576 9
4577 2
4578 7
4579 8
4580 8
4581 9
4582 9
4583 5
4584 7
4585 2
4586 5
4587 7
4588 5
4589 1
4590 3
4591 9
4592 3
4593 4
4594 5
4595 8
4596 10
4597 2
4598 2
4599 2
4600 1
4601 2
4602 5
4603 10
4604 5
4605 2
4606 3
4607 8
4608 4
4609 6
4610 4
4611 8
4612 3
4613 2
4614 8
4615 10
4616 2
4617 3
4618 2
4619 4
4620 7
4621 3
4622 5
4623 9
4624 2
4625 7
4626 8
4627 3
4628 5
4629 3
4630 6
4631 8
4632 3
4633 7
4634 5
4635 6
4636 1
4637 1
4638 9
4639 7
4640 5
4641 7
4642 10
4643 1
4644 2
4645 9
4646 7
4647 10
4648 9
4649 9
4650 1
4651 6
4652 5
4653 6
4654 7
4655 8
4656 2
4657 4
4658 7
4659 5
4660 4
4661 5
4662 3
4663 10
4664 4
4665 8
4666 3
4667 9
4668 1
4669 5
4670 9
4671 4
4672 5
4673 7
4674 1
4675 8
4676 3
4677 7
4678 7
4679 8
4680 1
4681 5
4682 10
4683 7
4684 6
4685 9
4686 7
4687 7
4688 7
4689 4
4690 6
4691 4
4692 10
4693 9
4694 3
4695 9
4696 2
4697 7
4698 3
4699 5
4700 7
4701 9
4702 1
4703 1
4704 9
4705 4
4706 5
4707 9
4708 8
4709 1
4710 5
4711 1
4712 3
4713 6
4714 7
4715 5
4716 9
4717 5
4718 10
4719 6
4720 9
4721 8
4722 10
4723 7
4724 5
4725 2
4726 8
4727 4
4728 10
4729 1
4730 4
4731 1
4732 8
4733 4
4734 4
4735 7
4736 5
4737 2
4738 1
4739 10
4740 3
4741 3
4742 8
4743 8
4744 6
4745 2
4746 6
4747 1
4748 6
4749 5
4750 7
4751 7
4752 2
4753 6
4754 8
4755 2
4756 4
4757 4
4758 9
4759 6
4760 10
4761 9
4762 9
4763 1
4764 3
4765 1
4766 1
4767 4
4768 4
4769 6
4770 4
4771 9
4772 2
4773 7
4774 5
4775 8
4776 7
4777 6
4778 6
4779 1
4780 3
4781 1
4782 9
4783 4
4784 1
4785 8
4786 9
4787 5
4788 6
4789 5
4790 1
4791 6
4792 6
4793 9
4794 7
4795 3
4796 10
4797 6
4798 7
4799 3
4800 2
4801 6
4802 9
4803 10
4804 7
4805 10
4806 3
4807 5
4808 2
4809 10
4810 3
4811 10
4812 10
4813 4
4814 1
4815 4
4816 6
4817 9
4818 5
4819 7
4820 1
4821 10
4822 7
4823 3
4824 6
4825 1
4826 2
4827 5
4828 6
4829 9
4830 3
4831 6
4832 7
4833 7
4834 2
4835 5
4836 6
4837 9
4838 10
4839 4
4840 10
4841 2
4842 9
4843 2
4844 6
4845 2
4846 5
4847 4
4848 3
4849 5
4850 9
4851 2
4852 5
4853 7
4854 10
4855 3
4856 2
4857 10
4858 10
4859 4
4860 9
4861 8
4862 2
4863 3
4864 5
4865 3
4866 2
4867 7
4868 5
4869 7
4870 7
4871 4
4872 2
4873 3
4874 1
4875 9
4876 8
4877 10
4878 10
4879 8
4880 8
4881 7
4882 7
4883 9
4884 8
4885 9
4886 4
4887 1
4888 9
4889 3
4890 5
4891 6
4892 5
4893 6
4894 10
4895 3
4896 2
4897 6
4898 7
4899 9
4900 8
4901 6
4902 7
4903 8
4904 1
4905 2
4906 8
4907 1
4908 9
4909 6
4910 1
4911 2
4912 6
4913 9
4914 10
4915 1
4916 1
4917 7
4918 10
4919 2
4920 4
4921 5
4922 7
4923 4
4924 6
4925 10
4926 9
4927 3
4928 9
4929 2
4930 10
4931 2
4932 3
4933 8
4934 5
4935 5
4936 2
4937 1
4938 3
4939 5
4940 6
4941 8
4942 4
4943 4
4944 5
4945 7
4946 8
4947 8
4948 9
4949 7
4950 3
4951 4
4952 6
4953 3
4954 4
4955 10
4956 4
4957 10
4958 10
4959 4
4960 1
4961 9
4962 2
4963 1
4964 2
4965 7
4966 7
4967 10
4968 10
4969 7
4970 10
4971 10
4972 8
4973 7
4974 2
4975 9
4976 10
4977 4
4978 6
4979 4
4980 5
4981 4
4982 4
4983 1
4984 8
4985 7
4986 9
4987 6
4988 3
4989 3
4990 2
4991 6
4992 2
4993 3
4994 3
4995 10
4996 1
4997 8
4998 1
4999 8
5000 10
5001 7
5002 4
5003 4
5004 1
5005 3
5006 7
5007 10
5008 5
5009 3
5010 2
5011 9
5012 1
5013 3
5014 4
5015 9
5016 1
5017 3
5018 1
5019 1
5020 8
5021 6
5022 10
5023 8
5024 7
5025 8
5026 6
5027 7
5028 9
5029 2
5030 7
5031 6
5032 4
5033 2
5034 1
5035 1
5036 10
5037 1
5038 2
5039 7
5040 2
5041 1
5042 2
5043 7
5044 5
5045 10
5046 5
5047 5
5048 2
5049 7
5050 10
5051 8
5052 2
5053 2
5054 8
5055 9
5056 10
5057 3
5058 6
5059 6
5060 1
5061 5
5062 9
5063 2
5064 4
5065 8
5066 2
5067 2
5068 4
5069 10
5070 9
5071 1
5072 10
5073 1
5074 5
5075 6
5076 5
5077 7
5078 9
5079 8
5080 1
5081 6
5082 1
5083 1
5084 7
5085 1
5086 7
5087 8
5088 10
5089 1
5090 6
5091 2
5092 2
5093 7
5094 1
5095 3
5096 5
5097 1
5098 4
5099 4
5100 2
5101 5
5102 10
5103 7
5104 5
5105 8
5106 9
5107 3
5108 8
5109 8
5110 7
5111 5
5112 8
5113 5
5114 3
5115 7
5116 10
5117 9
5118 2
5119 5
5120 1
5121 3
5122 1
5123 6
5124 8
5125 8
5126 8
5127 5
5128 5
5129 4
5130 2
5131 9
5132 5
5133 3
5134 6
5135 7
5136 2
5137 4
5138 5
5139 8
5140 5
5141 9
5142 4
5143 5
5144 1
5145 5
5146 1
5147 10
5148 9
5149 1
5150 1
5151 8
5152 9
5153 5
5154 3
5155 10
5156 4
5157 4
5158 5
5159 6
5160 9
5161 9
5162 8
5163 1
5164 7
5165 6
5166 8
5167 9
5168 4
5169 3
5170 8
5171 8
5172 9
5173 9
5174 2
5175 2
5176 1
5177 9
5178 1
5179 2
5180 8
5181 5
5182 1
5183 10
5184 7
5185 7
5186 4
5187 4
5188 1
5189 1
5190 9
5191 2
5192 7
5193 9
5194 9
5195 10
5196 7
5197 10
5198 2
5199 6
5200 5
5201 2
5202 3
5203 5
5204 3
5205 6
5206 10
5207 7
5208 2
5209 2
5210 2
5211 9
5212 6
5213 4
5214 8
5215 7
5216 5
5217 9
5218 6
5219 1
5220 5
5221 9
5222 7
5223 9
5224 8
5225 10
5226 10
5227 7
5228 7
5229 10
5230 4
5231 1
5232 5
5233 9
5234 8
5235 6
5236 2
5237 1
5238 3
5239 1
5240 8
5241 4
5242 1
5243 1
5244 2
5245 5
5246 8
5247 1
5248 7
5249 8
5250 10
5251 6
5252 6
5253 6
5254 7
5255 8
5256 5
5257 6
5258 9
5259 4
5260 5
5261 1
5262 9
5263 9
5264 9
5265 3
5266 9
5267 6
5268 6
5269 8
5270 8
5271 1
5272 3
5273 8
5274 4
5275 3
5276 6
5277 10
5278 6
5279 5
5280 4
5281 6
5282 2
5283 8
5284 8
5285 4
5286 9
5287 9
5288 5
5289 6
5290 10
5291 8
5292 3
5293 8
5294 1
5295 4
5296 2
5297 10
5298 5
5299 7
5300 5
5301 9
5302 9
5303 10
5304 3
5305 4
5306 7
5307 4
5308 7
5309 3
5310 7
5311 10
5312 2
5313 10
5314 9
5315 8
5316 6
5317 10
5318 7
5319 7
5320 8
5321 6
5322 9
5323 6
5324 9
5325 7
5326 3
5327 10
5328 4
5329 3
5330 5
5331 5
5332 4
5333 3
5334 9
5335 1
5336 2
5337 7
5338 10
5339 2
5340 5
5341 10
5342 9
5343 1
5344 9
5345 4
5346 9
5347 7
5348 1
5349 7
5350 8
5351 6
5352 4
5353 8
5354 9
5355 5
5356 7
5357 7
5358 10
5359 5
5360 6
5361 1
5362 3
5363 4
5364 9
5365 8
5366 5
5367 6
5368 3
5369 7
5370 10
5371 3
5372 8
5373 10
5374 5
5375 5
5376 10
5377 6
5378 1
5379 1
5380 5
5381 10
5382 6
5383 6
5384 7
5385 1
5386 1
5387 4
5388 7
5389 4
5390 7
5391 5
5392 9
5393 9
5394 5
5395 2
5396 6
5397 4
5398 1
5399 4
5400 3
5401 1
5402 7
5403 1
5404 6
5405 9
5406 5
5407 9
5408 9
5409 10
5410 9
5411 9
5412 6
5413 6
5414 10
5415 8
5416 4
5417 8
5418 6
5419 6
5420 4
5421 10
5422 8
5423 10
5424 8
5425 1
5426 5
5427 10
5428 1
5429 2
5430 1
5431 4
5432 8
5433 2
5434 6
5435 5
5436 7
5437 2
5438 10
5439 8
5440 10
5441 5
5442 1
5443 5
5444 6
5445 9
5446 1
5447 8
5448 10
5449 5
5450 8
5451 10
5452 10
5453 3
5454 6
5455 6
5456 3
5457 1
5458 6
5459 1
5460 5
5461 10
5462 2
5463 8
5464 9
5465 9
5466 5
5467 2
5468 4
5469 3
5470 10
5471 7
5472 7
5473 6
5474 6
5475 9
5476 5
5477 10
5478 3
5479 6
5480 8
5481 3
5482 4
5483 10
5484 5
5485 7
5486 6
5487 9
5488 8
5489 10
5490 2
5491 9
5492 4
5493 9
5494 10
5495 5
5496 9
5497 1
5498 1
5499 6
5500 10
5501 2
5502 2
5503 6
5504 10
5505 5
5506 7
5507 7
5508 10
5509 2
5510 10
5511 5
5512 10
5513 2
5514 10
5515 1
5516 1
5517 7
5518 10
5519 5
5520 7
5521 4
5522 3
5523 1
5524 4
5525 2
5526 8
5527 2
5528 5
5529 8
5530 5
5531 7
5532 8
5533 4
5534 1
5535 9
5536 2
5537 1
5538 4
5539 1
5540 10
5541 1
5542 4
5543 9
5544 3
5545 2
5546 9
5547 9
5548 1
5549 8
5550 6
5551 6
5552 3
5553 7
5554 9
5555 6
5556 7
5557 4
5558 1
5559 8
5560 8
5561 5
5562 6
5563 4
5564 10
5565 7
5566 7
5567 10
5568 6
5569 3
5570 2
5571 5
5572 7
5573 1
5574 1
5575 2
5576 6
5577 4
5578 8
5579 3
5580 1
5581 4
5582 3
5583 3
5584 8
5585 7
5586 2
5587 9
5588 9
5589 1
5590 7
5591 2
5592 5
5593 5
5594 2
5595 1
5596 7
5597 4
5598 9
5599 5
5600 6
5601 8
5602 9
5603 4
5604 7
5605 3
5606 4
5607 7
5608 10
5609 10
5610 4
5611 7
5612 2
5613 1
5614 4
5615 2
5616 1
5617 6
5618 5
5619 7
5620 4
5621 10
5622 8
5623 9
5624 8
5625 5
5626 1
5627 3
5628 6
5629 6
5630 3
5631 7
5632 7
5633 7
5634 4
5635 6
5636 10
5637 2
5638 6
5639 6
5640 10
5641 10
5642 6
5643 3
5644 3
5645 6
5646 3
5647 10
5648 3
5649 10
5650 3
5651 9
5652 6
5653 4
5654 3
5655 6
5656 1
5657 7
5658 6
5659 8
5660 6
5661 3
5662 2
5663 4
5664 8
5665 1
5666 6
5667 4
5668 4
5669 5
5670 2
5671 1
5672 2
5673 3
5674 3
5675 3
5676 6
5677 4
5678 3
5679 1
5680 8
5681 1
5682 10
5683 9
5684 8
5685 10
5686 4
5687 3
5688 3
5689 7
5690 10
5691 2
5692 4
5693 4
5694 4
5695 4
5696 5
5697 8
5698 3
5699 6
5700 4
5701 8
5702 6
5703 10
5704 7
5705 5
5706 5
5707 2
5708 9
5709 9
5710 4
5711 10
5712 4
5713 10
5714 7
5715 5
5716 6
5717 3
5718 3
5719 2
5720 5
5721 2
5722 1
5723 8
5724 5
5725 2
5726 5
5727 9
5728 6
5729 3
5730 2
5731 3
5732 10
5733 3
5734 5
5735 3
5736 9
5737 9
5738 5
5739 9
5740 1
5741 2
5742 5
5743 3
5744 9
5745 1
5746 8
5747 10
5748 5
5749 5
5750 10
5751 9
5752 3
5753 1
5754 3
5755 1
5756 9
5757 6
5758 1
5759 8
5760 8
5761 9
5762 4
5763 6
5764 4
5765 10
5766 8
5767 9
5768 9
5769 2
5770 5
5771 2
5772 10
5773 8
5774 7
5775 4
5776 10
5777 1
5778 3
5779 1
5780 3
5781 2
5782 8
5783 5
5784 6
5785 10
5786 4
5787 6
5788 9
5789 3
5790 9
5791 3
5792 6
5793 2
5794 6
5795 6
5796 9
5797 7
5798 9
5799 8
5800 8
5801 5
5802 1
5803 8
5804 1
5805 4
5806 1
5807 10
5808 1
5809 6
5810 4
5811 10
5812 4
5813 6
5814 8
5815 10
5816 5
5817 3
5818 8
5819 2
5820 3
5821 7
5822 3
5823 4
5824 8
5825 1
5826 6
5827 3
5828 5
5829 5
5830 7
5831 2
5832 3
5833 8
5834 5
5835 8
5836 4
5837 8
5838 4
5839 8
5840 1
5841 4
5842 3
5843 6
5844 4
5845 10
5846 6
5847 9
5848 9
5849 5
5850 3
5851 6
5852 2
5853 5
5854 8
5855 7
5856 1
5857 3
5858 2
5859 6
5860 2
5861 9
5862 9
5863 8
5864 8
5865 2
5866 8
5867 10
5868 2
5869 2
5870 2
5871 7
5872 7
5873 5
5874 7
5875 7
5876 4
5877 2
5878 3
5879 7
5880 9
5881 1
5882 1
5883 8
5884 8
5885 7
5886 10
5887 9
5888 1
5889 5
5890 7
5891 4
5892 8
5893 2
5894 3
5895 7
5896 6
5897 3
5898 3
5899 9
5900 4
5901 9
5902 2
5903 6
5904 4
5905 3
5906 8
5907 6
5908 7
5909 6
5910 5
5911 4
5912 4
5913 2
5914 8
5915 10
5916 5
5917 2
5918 6
5919 9
5920 4
5921 6
5922 6
5923 6
5924 7
5925 6
5926 9
5927 3
5928 1
5929 1
5930 7
5931 5
5932 4
5933 4
5934 10
5935 4
5936 5
5937 7
5938 6
5939 7
5940 10
5941 5
5942 10
5943 7
5944 7
5945 10
5946 9
5947 4
5948 4
5949 9
5950 4
5951 3
5952 4
5953 5
5954 4
5955 1
5956 10
5957 6
5958 9
5959 4
5960 1
5961 7
5962 6
5963 1
5964 1
5965 2
5966 10
5967 2
5968 5
5969 1
5970 4
5971 1
5972 7
5973 9
5974 5
5975 3
5976 2
5977 7
5978 8
5979 8
5980 10
5981 5
5982 6
5983 5
5984 8
5985 8
5986 6
5987 5
5988 7
5989 1
5990 6
5991 6
5992 2
5993 2
5994 2
5995 9
5996 3
5997 5
5998 1
5999 8
6000 5
6001 10
6002 7
6003 7
6004 5
6005 9
6006 4
6007 7
6008 8
6009 5
6010 7
6011 10
6012 7
6013 3
6014 9
6015 1
6016 5
6017 7
6018 10
6019 9
6020 4
6021 5
6022 3
6023 2
6024 5
6025 8
6026 6
6027 8
6028 5
6029 1
6030 8
6031 2
6032 6
6033 9
6034 2
6035 8
6036 3
6037 1
6038 3
6039 8
6040 8
6041 2
6042 1
6043 6
6044 4
6045 4
6046 8
6047 2
6048 1
6049 2
6050 7
6051 1
6052 10
6053 8
6054 6
6055 4
6056 9
6057 10
6058 8
6059 3
6060 6
6061 3
6062 10
6063 10
6064 8
6065 5
6066 10
6067 7
6068 3
6069 7
6070 7
6071 1
6072 3
6073 1
6074 6
6075 10
6076 4
6077 8
6078 5
6079 10
6080 6
6081 5
6082 6
6083 6
6084 2
6085 5
6086 10
6087 5
6088 10
6089 1
6090 3
6091 8
6092 1
6093 3
6094 2
6095 8
6096 1
6097 10
6098 8
6099 8
6100 8
6101 4
6102 7
6103 6
6104 2
6105 7
6106 4
6107 3
6108 6
6109 1
6110 4
6111 4
6112 8
6113 6
6114 10
6115 1
6116 1
6117 10
6118 1
6119 3
6120 2
6121 7
6122 10
6123 3
6124 7
6125 9
6126 4
6127 8
6128 3
6129 6
6130 8
6131 7
6132 4
6133 4
6134 9
6135 7
6136 2
6137 6
6138 3
6139 9
6140 6
6141 10
6142 1
6143 5
6144 4
6145 4
6146 8
6147 9
6148 3
6149 10
6150 9
6151 1
6152 9
6153 2
6154 4
6155 8
6156 3
6157 5
6158 6
6159 5
6160 2
6161 1
6162 4
6163 4
6164 7
6165 7
6166 4
6167 2
6168 5
6169 7
6170 7
6171 3
6172 4
6173 3
6174 5
6175 3
6176 8
6177 7
6178 9
6179 4
6180 10
6181 6
6182 9
6183 3
6184 3
6185 7
6186 4
6187 1
6188 7
6189 10
6190 5
6191 3
6192 4
6193 3
6194 4
6195 1
6196 1
6197 1
6198 8
6199 7
6200 7
6201 1
6202 8
6203 6
6204 4
6205 10
6206 1
6207 7
6208 10
6209 1
6210 4
6211 5
6212 7
6213 5
6214 4
6215 4
6216 8
6217 2
6218 4
6219 8
6220 8
6221 9
6222 8
6223 4
6224 10
6225 10
6226 10
6227 8
6228 6
6229 7
6230 5
6231 6
6232 5
6233 9
6234 2
6235 3
6236 3
6237 7
6238 1
6239 9
6240 5
6241 1
6242 4
6243 9
6244 10
6245 4
6246 1
6247 7
6248 8
6249 3
6250 8
6251 8
6252 1
6253 5
6254 2
6255 7
6256 9
6257 9
6258 6
6259 9
6260 9
6261 2
6262 2
6263 2
6264 1
6265 10
6266 6
6267 6
6268 4
6269 8
6270 3
6271 8
6272 9
6273 4
6274 1
6275 6
6276 2
6277 3
6278 1
6279 4
6280 7
6281 6
6282 2
6283 6
6284 7
6285 5
6286 5
6287 8
6288 1
6289 8
6290 9
6291 1
6292 3
6293 1
6294 5
6295 2
6296 4
6297 6
6298 9
6299 7
6300 1
6301 7
6302 4
6303 8
6304 8
6305 1
6306 3
6307 7
6308 1
6309 10
6310 2
6311 1
6312 2
6313 2
6314 6
6315 3
6316 8
6317 2
6318 2
6319 2
6320 4
6321 9
6322 9
6323 9
6324 2
6325 10
6326 8
6327 6
6328 7
6329 9
6330 9
6331 1
6332 2
6333 4
6334 2
6335 6
6336 5
6337 10
6338 7
6339 2
6340 4
6341 5
6342 10
6343 4
6344 1
6345 3
6346 3
6347 1
6348 3
6349 10
6350 1
6351 1
6352 8
6353 7
6354 7
6355 1
6356 2
6357 4
6358 6
6359 4
6360 10
6361 4
6362 9
6363 2
6364 3
6365 7
6366 7
6367 10
6368 9
6369 4
6370 2
6371 8
6372 2
6373 5
6374 4
6375 2
6376 8
6377 5
6378 9
6379 6
6380 9
6381 6
6382 10
6383 3
6384 9
6385 3
6386 7
6387 5
6388 6
6389 7
6390 10
6391 10
6392 5
6393 3
6394 3
6395 3
6396 4
6397 7
6398 2
6399 1
6400 6
6401 5
6402 2
6403 9
6404 1
6405 5
6406 4
6407 2
6408 6
6409 8
6410 7
6411 5
6412 10
6413 4
6414 4
6415 6
6416 10
6417 7
6418 10
6419 3
6420 1
6421 3
6422 2
6423 1
6424 8
6425 6
6426 6
6427 2
6428 5
6429 2
6430 4
6431 5
6432 5
6433 4
6434 5
6435 10
6436 5
6437 5
6438 10
6439 5
6440 1
6441 10
6442 7
6443 7
6444 10
6445 7
6446 9
6447 3
6448 4
6449 5
6450 8
6451 8
6452 5
6453 10
6454 10
6455 2
6456 1
6457 4
6458 8
6459 10
6460 4
6461 4
6462 5
6463 4
6464 3
6465 10
6466 10
6467 4
6468 5
6469 1
6470 9
6471 2
6472 8
6473 10
6474 2
6475 3
6476 4
6477 8
6478 10
6479 2
6480 4
6481 2
6482 7
6483 7
6484 1
6485 2
6486 8
6487 9
6488 6
6489 4
6490 9
6491 8
6492 2
6493 2
6494 2
6495 5
6496 2
6497 8
6498 10
6499 4
6500 5
6501 5
6502 6
6503 10
6504 10
6505 8
6506 10
6507 6
6508 1
6509 2
6510 7
6511 10
6512 10
6513 7
6514 9
6515 4
6516 4
6517 10
6518 1
6519 2
6520 3
6521 6
6522 5
6523 10
6524 7
6525 10
6526 9
6527 3
6528 8
6529 5
6530 5
6531 1
6532 4
6533 1
6534 9
6535 8
6536 10
6537 4
6538 7
6539 7
6540 2
6541 5
6542 8
6543 5
6544 7
6545 9
6546 3
6547 7
6548 4
6549 3
6550 8
6551 4
6552 3
6553 4
6554 3
6555 2
6556 6
6557 5
6558 8
6559 9
6560 6
6561 5
6562 10
6563 1
6564 10
6565 1
6566 9
6567 2
6568 3
6569 7
6570 3
6571 1
6572 5
6573 9
6574 5
6575 8
6576 9
6577 3
6578 2
6579 10
6580 1
6581 5
6582 8
6583 9
6584 2
6585 5
6586 5
6587 7
6588 1
6589 6
6590 10
6591 3
6592 10
6593 9
6594 4
6595 6
6596 9
6597 6
6598 4
6599 4
6600 7
6601 9
6602 5
6603 2
6604 1
6605 7
6606 6
6607 9
6608 10
6609 10
6610 3
6611 7
6612 1
6613 8
6614 9
6615 8
6616 4
6617 6
6618 8
6619 1
6620 8
6621 1
6622 5
6623 5
6624 6
6625 3
6626 5
6627 9
6628 10
6629 9
6630 10
6631 8
6632 1
6633 5
6634 5
6635 5
6636 10
6637 7
6638 9
6639 3
6640 6
6641 6
6642 7
6643 2
6644 3
6645 7
6646 9
6647 7
6648 5
6649 6
6650 2
6651 6
6652 4
6653 10
6654 6
6655 8
6656 2
6657 1
6658 3
6659 5
6660 7
6661 7
6662 8
6663 1
6664 4
6665 3
6666 5
6667 7
6668 10
6669 7
6670 3
6671 6
6672 2
6673 9
6674 6
6675 8
6676 9
6677 6
6678 4
6679 4
6680 1
6681 3
6682 5
6683 1
6684 1
6685 10
6686 4
6687 3
6688 1
6689 10
6690 4
6691 3
6692 1
6693 2
6694 10
6695 1
6696 4
6697 3
6698 6
6699 7
6700 6
6701 9
6702 4
6703 7
6704 8
6705 5
6706 8
6707 3
6708 2
6709 8
6710 2
6711 5
6712 3
6713 4
6714 10
6715 2
6716 5
6717 10
6718 3
6719 10
6720 6
6721 3
6722 4
6723 3
6724 5
6725 3
6726 3
6727 9
6728 7
6729 4
6730 10
6731 4
6732 5
6733 1
6734 8
6735 9
6736 1
6737 4
6738 10
6739 5
6740 7
6741 5
6742 4
6743 10
6744 3
6745 7
6746 5
6747 3
6748 1
6749 6
6750 7
6751 5
6752 2
6753 7
6754 5
6755 6
6756 7
6757 4
6758 1
6759 6
6760 9
6761 4
6762 10
6763 10
6764 2
6765 10
6766 3
6767 10
6768 1
6769 9
6770 10
6771 3
6772 6
6773 9
6774 8
6775 6
6776 1
6777 3
6778 6
6779 9
6780 1
6781 7
6782 5
6783 6
6784 4
6785 7
6786 3
6787 2
6788 4
6789 4
6790 10
6791 6
6792 8
6793 7
6794 2
6795 1
6796 4
6797 10
6798 9
6799 5
6800 5
6801 8
6802 10
6803 8
6804 8
6805 7
6806 3
6807 1
6808 3
6809 2
6810 10
6811 7
6812 3
6813 2
6814 10
6815 8
6816 3
6817 6
6818 3
6819 3
6820 8
6821 3
6822 3
6823 5
6824 4
6825 9
6826 1
6827 5
6828 1
6829 2
6830 4
6831 10
6832 10
6833 9
6834 9
6835 7
6836 4
6837 6
6838 8
6839 5
6840 2
6841 8
6842 8
6843 9
6844 4
6845 6
6846 6
6847 2
6848 6
6849 3
6850 3
6851 10
6852 10
6853 5
6854 2
6855 2
6856 9
6857 1
6858 9
6859 4
6860 1
6861 1
6862 6
6863 10
6864 6
6865 5
6866 10
6867 9
6868 6
6869 9
6870 4
6871 2
6872 9
6873 6
6874 4
6875 2
6876 3
6877 7
6878 5
6879 9
6880 3
6881 6
6882 1
6883 8
6884 2
6885 2
6886 8
6887 2
6888 9
6889 1
6890 6
6891 8
6892 1
6893 2
6894 2
6895 9
6896 3
6897 5
6898 3
6899 8
6900 8
6901 1
6902 5
6903 2
6904 3
6905 10
6906 10
6907 8
6908 2
6909 2
6910 2
6911 2
6912 7
6913 2
6914 1
6915 5
6916 10
6917 8
6918 7
6919 5
6920 3
6921 3
6922 10
6923 9
6924 6
6925 5
6926 3
6927 8
6928 6
6929 8
6930 9
6931 4
6932 8
6933 2
6934 1
6935 9
6936 1
6937 7
6938 10
6939 2
6940 5
6941 10
6942 6
6943 7
6944 7
6945 1
6946 4
6947 5
6948 3
6949 2
6950 7
6951 9
6952 4
6953 6
6954 1
6955 8
6956 5
6957 2
6958 7
6959 9
6960 1
6961 5
6962 8
6963 9
6964 1
6965 4
6966 9
6967 5
6968 8
6969 2
6970 1
6971 2
6972 5
6973 4
6974 10
6975 5
6976 7
6977 8
6978 3
6979 2
6980 3
6981 2
6982 2
6983 4
6984 5
6985 9
6986 8
6987 6
6988 3
6989 9
6990 2
6991 8
6992 7
6993 10
6994 3
6995 3
6996 10
6997 7
6998 1
6999 8
7000 7
7001 2
7002 2
7003 6
7004 5
7005 4
7006 6
7007 10
7008 2
7009 1
7010 9
7011 10
7012 9
7013 10
7014 7
7015 10
7016 10
7017 5
7018 7
7019 9
7020 8
7021 6
7022 1
7023 8
7024 5
7025 9
7026 9
7027 4
7028 3
7029 1
7030 6
7031 7
7032 2
7033 2
7034 4
7035 7
7036 1
7037 2
7038 8
7039 10
7040 9
7041 4
7042 10
7043 9
7044 9
7045 2
7046 10
7047 2
7048 10
7049 1
7050 5
7051 7
7052 1
7053 3
7054 2
7055 6
7056 1
7057 3
7058 7
7059 6
7060 10
7061 2
7062 10
7063 8
7064 7
7065 7
7066 7
7067 3
7068 10
7069 9
7070 7
7071 3
7072 3
7073 2
7074 9
7075 1
7076 9
7077 8
7078 5
7079 7
7080 7
7081 5
7082 9
7083 2
7084 9
7085 2
7086 3
7087 8
7088 4
7089 4
7090 1
7091 1
7092 6
7093 3
7094 5
7095 7
7096 9
7097 1
7098 3
7099 10
7100 2
7101 4
7102 2
7103 7
7104 4
7105 1
7106 2
7107 10
7108 10
7109 10
7110 4
7111 1
7112 8
7113 7
7114 2
7115 6
7116 1
7117 3
7118 4
7119 5
7120 3
7121 6
7122 3
7123 9
7124 8
7125 7
7126 9
7127 5
7128 6
7129 2
7130 4
7131 4
7132 3
7133 4
7134 5
7135 10
7136 4
7137 6
7138 1
7139 1
7140 10
7141 7
7142 4
7143 4
7144 9
7145 9
7146 10
7147 9
7148 3
7149 5
7150 7
7151 4
7152 5
7153 4
7154 2
7155 8
7156 4
7157 9
7158 10
7159 4
7160 1
7161 8
7162 8
7163 1
7164 10
7165 10
7166 5
7167 3
7168 8
7169 2
7170 8
7171 5
7172 4
7173 10
7174 7
7175 8
7176 7
7177 9
7178 6
7179 9
7180 3
7181 7
7182 4
7183 4
7184 2
7185 7
7186 7
7187 7
7188 1
7189 10
7190 5
7191 6
7192 3
7193 6
7194 4
7195 6
7196 5
7197 9
7198 4
7199 6
7200 5
7201 10
7202 5
7203 4
7204 3
7205 8
7206 6
7207 7
7208 4
7209 4
7210 4
7211 9
7212 5
7213 2
7214 2
7215 6
7216 2
7217 8
7218 9
7219 7
7220 8
7221 6
7222 8
7223 5
7224 10
7225 2
7226 9
7227 5
7228 1
7229 5
7230 2
7231 8
7232 6
7233 1
7234 2
7235 9
7236 3
7237 2
7238 7
7239 2
7240 5
7241 9
7242 3
7243 2
7244 3
7245 9
7246 10
7247 2
7248 5
7249 1
7250 6
7251 8
7252 3
7253 9
7254 2
7255 7
7256 5
7257 3
7258 4
7259 10
7260 4
7261 2
7262 4
7263 6
7264 5
7265 4
7266 3
7267 7
7268 5
7269 3
7270 8
7271 9
7272 6
7273 1
7274 3
7275 9
7276 9
7277 3
7278 9
7279 10
7280 8
7281 4
7282 3
7283 10
7284 1
7285 5
7286 5
7287 9
7288 5
7289 4
7290 4
7291 5
7292 1
7293 6
7294 8
7295 4
7296 8
7297 2
7298 4
7299 9
7300 3
7301 1
7302 6
7303 10
7304 3
7305 7
7306 7
7307 7
7308 6
7309 4
7310 3
7311 6
7312 10
7313 5
7314 9
7315 7
7316 3
7317 5
7318 10
7319 1
7320 10
7321 9
7322 5
7323 3
7324 2
7325 6
7326 1
7327 8
7328 10
7329 9
7330 10
7331 6
7332 6
7333 10
7334 10
7335 10
7336 3
7337 10
7338 7
7339 5
7340 8
7341 10
7342 10
7343 10
7344 6
7345 7
7346 10
7347 7
7348 5
7349 9
7350 9
7351 1
7352 5
7353 8
7354 10
7355 9
7356 3
7357 10
7358 10
7359 4
7360 8
7361 7
7362 7
7363 1
7364 9
7365 6
7366 2
7367 5
7368 4
7369 4
7370 10
7371 9
7372 5
7373 6
7374 8
7375 1
7376 10
7377 10
7378 8
7379 9
7380 4
7381 8
7382 7
7383 3
7384 1
7385 7
7386 1
7387 1
7388 6
7389 8
7390 10
7391 4
7392 3
7393 4
7394 2
7395 9
7396 1
7397 1
7398 2
7399 4
7400 9
7401 8
7402 7
7403 5
7404 5
7405 1
7406 8
7407 2
7408 4
7409 4
7410 5
7411 10
7412 2
7413 2
7414 6
7415 3
7416 1
7417 8
7418 6
7419 9
7420 4
7421 1
7422 4
7423 3
7424 3
7425 10
7426 1
7427 2
7428 10
7429 6
7430 4
7431 7
7432 8
7433 6
7434 8
7435 2
7436 8
7437 3
7438 10
7439 2
7440 2
7441 2
7442 5
7443 8
7444 6
7445 3
7446 5
7447 1
7448 1
7449 3
7450 4
7451 1
7452 8
7453 5
7454 3
7455 1
7456 1
7457 4
7458 4
7459 3
7460 1
7461 9
7462 6
7463 5
7464 1
7465 6
7466 10
7467 8
7468 7
7469 8
7470 4
7471 1
7472 4
7473 3
7474 6
7475 6
7476 5
7477 3
7478 2
7479 3
7480 1
7481 9
7482 6
7483 10
7484 3
7485 5
7486 8
7487 5
7488 9
7489 5
7490 9
7491 6
7492 10
7493 3
7494 9
7495 10
7496 7
7497 2
7498 4
7499 4
7500 1
7501 8
7502 10
7503 5
7504 10
7505 10
7506 3
7507 8
7508 7
7509 3
7510 8
7511 7
7512 9
7513 4
7514 6
7515 1
7516 4
7517 7
7518 2
7519 9
7520 8
7521 6
7522 4
7523 8
7524 6
7525 1
7526 9
7527 9
7528 3
7529 1
7530 4
7531 5
7532 9
7533 2
7534 4
7535 1
7536 2
7537 3
7538 8
7539 2
7540 6
7541 10
7542 4
7543 2
7544 8
7545 4
7546 10
7547 3
7548 9
7549 4
7550 2
7551 8
7552 4
7553 6
7554 6
7555 8
7556 4
7557 4
7558 2
7559 6
7560 2
7561 2
7562 8
7563 10
7564 10
7565 5
7566 7
7567 5
7568 3
7569 8
7570 10
7571 4
7572 4
7573 2
7574 10
7575 1
7576 10
7577 7
7578 4
7579 4
7580 2
7581 7
7582 2
7583 2
7584 6
7585 6
7586 3
7587 5
7588 6
7589 7
7590 10
7591 5
7592 8
7593 1
7594 7
7595 3
7596 5
7597 7
7598 5
7599 3
7600 8
7601 3
7602 8
7603 10
7604 3
7605 7
7606 1
7607 1
7608 10
7609 3
7610 10
7611 8
7612 3
7613 4
7614 10
7615 10
7616 8
7617 7
7618 8
7619 3
7620 7
7621 6
7622 7
7623 2
7624 7
7625 1
7626 8
7627 6
7628 6
7629 4
7630 7
7631 1
7632 4
7633 3
7634 3
7635 10
7636 5
7637 6
7638 9
7639 9
7640 3
7641 8
7642 10
7643 3
7644 5
7645 9
7646 7
7647 2
7648 4
7649 1
7650 10
7651 3
7652 6
7653 6
7654 2
7655 2
7656 10
7657 9
7658 5
7659 8
7660 7
7661 1
7662 10
7663 7
7664 5
7665 3
7666 6
7667 1
7668 7
7669 7
7670 1
7671 1
7672 7
7673 6
7674 8
7675 6
7676 8
7677 4
7678 7
7679 10
7680 3
7681 10
7682 7
7683 10
7684 4
7685 7
7686 10
7687 7
7688 4
7689 1
7690 1
7691 8
7692 7
7693 2
7694 1
7695 7
7696 9
7697 3
7698 9
7699 6
7700 9
7701 9
7702 3
7703 3
7704 2
7705 9
7706 9
7707 4
7708 2
7709 1
7710 10
7711 2
7712 5
7713 10
7714 9
7715 9
7716 3
7717 1
7718 3
7719 4
7720 8
7721 7
7722 7
7723 8
7724 7
7725 7
7726 2
7727 8
7728 4
7729 2
7730 9
7731 3
7732 3
7733 3
7734 10
7735 4
7736 10
7737 3
7738 6
7739 2
7740 6
7741 1
7742 10
7743 6
7744 7
7745 10
7746 1
7747 4
7748 5
7749 4
7750 9
7751 1
7752 3
7753 7
7754 3
7755 10
7756 10
7757 6
7758 8
7759 10
7760 4
7761 9
7762 9
7763 8
7764 5
7765 6
7766 6
7767 4
7768 6
7769 8
7770 7
7771 8
7772 3
7773 6
7774 3
7775 3
7776 6
7777 10
7778 7
7779 8
7780 6
7781 4
7782 9
7783 6
7784 6
7785 2
7786 3
7787 2
7788 7
7789 4
7790 7
7791 8
7792 6
7793 7
7794 7
7795 1
7796 4
7797 9
7798 10
7799 3
7800 3
7801 3
7802 8
7803 5
7804 9
7805 1
7806 2
7807 2
7808 8
7809 1
7810 1
7811 1
7812 10
7813 6
7814 4
7815 4
7816 6
7817 3
7818 4
7819 9
7820 8
7821 6
7822 2
7823 6
7824 10
7825 1
7826 3
7827 9
7828 9
7829 9
7830 8
7831 2
7832 4
7833 6
7834 9
7835 6
7836 8
7837 10
7838 8
7839 10
7840 8
7841 9
7842 9
7843 8
7844 7
7845 5
7846 8
7847 7
7848 9
7849 3
7850 4
7851 2
7852 4
7853 6
7854 2
7855 4
7856 3
7857 1
7858 7
7859 10
7860 10
7861 8
7862 1
7863 2
7864 4
7865 4
7866 8
7867 7
7868 6
7869 2
7870 10
7871 3
7872 6
7873 8
7874 4
7875 2
7876 8
7877 2
7878 3
7879 4
7880 6
7881 8
7882 9
7883 4
7884 5
7885 4
7886 7
7887 10
7888 2
7889 3
7890 7
7891 1
7892 4
7893 8
7894 9
7895 9
7896 1
7897 6
7898 2
7899 7
7900 7
7901 2
7902 1
7903 8
7904 2
7905 5
7906 4
7907 7
7908 10
7909 10
7910 2
7911 6
7912 9
7913 7
7914 1
7915 1
7916 10
7917 9
7918 6
7919 4
7920 4
7921 6
7922 10
7923 10
7924 10
7925 10
7926 3
7927 3
7928 5
7929 1
7930 3
7931 3
7932 5
7933 8
7934 2
7935 8
7936 10
7937 10
7938 1
7939 1
7940 6
7941 9
7942 5
7943 8
7944 1
7945 8
7946 3
7947 1
7948 8
7949 5
7950 3
7951 3
7952 10
7953 2
7954 2
7955 5
7956 2
7957 6
7958 4
7959 6
7960 7
7961 3
7962 1
7963 1
7964 8
7965 1
7966 4
7967 1
7968 7
7969 8
7970 9
7971 5
7972 10
7973 6
7974 2
7975 10
7976 7
7977 8
7978 5
7979 1
7980 9
7981 10
7982 4
7983 7
7984 2
7985 4
7986 4
7987 2
7988 9
7989 4
7990 7
7991 5
7992 9
7993 8
7994 8
7995 10
7996 6
7997 5
7998 4
7999 1
8000 3
8001 4
8002 7
8003 6
8004 6
8005 10
8006 10
8007 7
8008 1
8009 2
8010 7
8011 7
8012 2
8013 4
8014 10
8015 8
8016 3
8017 4
8018 1
8019 6
8020 5
8021 2
8022 9
8023 2
8024 9
8025 7
8026 9
8027 7
8028 3
8029 5
8030 5
8031 10
8032 6
8033 3
8034 1
8035 2
8036 3
8037 8
8038 7
8039 3
8040 2
8041 8
8042 7
8043 3
8044 4
8045 9
8046 6
8047 6
8048 6
8049 7
8050 1
8051 10
8052 2
8053 7
8054 7
8055 7
8056 2
8057 8
8058 5
8059 5
8060 9
8061 7
8062 6
8063 2
8064 6
8065 3
8066 7
8067 3
8068 8
8069 1
8070 10
8071 2
8072 4
8073 5
8074 5
8075 3
8076 3
8077 8
8078 7
8079 6
8080 7
8081 1
8082 1
8083 7
8084 8
8085 9
8086 1
8087 4
8088 9
8089 2
8090 3
8091 2
8092 4
8093 4
8094 1
8095 2
8096 3
8097 3
8098 4
8099 3
8100 8
8101 6
8102 6
8103 2
8104 10
8105 3
8106 7
8107 4
8108 4
8109 1
8110 4
8111 6
8112 2
8113 2
8114 7
8115 2
8116 4
8117 5
8118 9
8119 1
8120 3
8121 10
8122 2
8123 7
8124 2
8125 2
8126 4
8127 5
8128 1
8129 10
8130 7
8131 10
8132 8
8133 4
8134 4
8135 5
8136 9
8137 8
8138 5
8139 2
8140 3
8141 8
8142 4
8143 10
8144 2
8145 6
8146 1
8147 1
8148 9
8149 9
8150 4
8151 1
8152 3
8153 8
8154 2
8155 6
8156 1
8157 9
8158 5
8159 10
8160 3
8161 3
8162 4
8163 8
8164 1
8165 4
8166 7
8167 5
8168 8
8169 7
8170 4
8171 6
8172 1
8173 10
8174 5
8175 1
8176 7
8177 6
8178 6
8179 6
8180 5
8181 2
8182 5
8183 8
8184 1
8185 9
8186 7
8187 8
8188 3
8189 7
8190 10
8191 1
8192 7
8193 5
8194 6
8195 7
8196 4
8197 6
8198 1
8199 5
8200 1
8201 1
8202 2
8203 2
8204 9
8205 9
8206 2
8207 10
8208 4
8209 5
8210 6
8211 9
8212 1
8213 2
8214 10
8215 4
8216 7
8217 10
8218 9
8219 7
8220 9
8221 4
8222 5
8223 9
8224 2
8225 6
8226 8
8227 9
8228 3
8229 6
8230 10
8231 8
8232 5
8233 3
8234 5
8235 1
8236 3
8237 7
8238 5
8239 10
8240 1
8241 8
8242 2
8243 9
8244 9
8245 5
8246 2
8247 10
8248 6
8249 1
8250 10
8251 8
8252 2
8253 3
8254 9
8255 4
8256 4
8257 3
8258 6
8259 6
8260 1
8261 10
8262 4
8263 7
8264 3
8265 1
8266 6
8267 8
8268 7
8269 8
8270 8
8271 4
8272 9
8273 6
8274 4
8275 6
8276 5
8277 8
8278 8
8279 8
8280 5
8281 5
8282 4
8283 9
8284 10
8285 1
8286 3
8287 8
8288 4
8289 6
8290 7
8291 1
8292 10
8293 10
8294 6
8295 8
8296 6
8297 1
8298 8
8299 1
8300 9
8301 2
8302 9
8303 7
8304 2
8305 7
8306 9
8307 2
8308 6
8309 2
8310 9
8311 9
8312 10
8313 1
8314 7
8315 2
8316 2
8317 8
8318 7
8319 6
8320 1
8321 6
8322 3
8323 3
8324 6
8325 8
8326 3
8327 8
8328 10
8329 4
8330 9
8331 6
8332 2
8333 10
8334 2
8335 2
8336 8
8337 5
8338 4
8339 5
8340 8
8341 6
8342 6
8343 8
8344 6
8345 1
8346 5
8347 9
8348 4
8349 3
8350 3
8351 3
8352 7
8353 7
8354 8
8355 9
8356 3
8357 2
8358 6
8359 10
8360 4
8361 9
8362 2
8363 8
8364 5
8365 7
8366 10
8367 2
8368 3
8369 6
8370 2
8371 10
8372 1
8373 10
8374 6
8375 10
8376 6
8377 9
8378 3
8379 6
8380 2
8381 9
8382 8
8383 7
8384 3
8385 6
8386 4
8387 6
8388 9
8389 9
8390 7
8391 3
8392 4
8393 3
8394 6
8395 1
8396 7
8397 3
8398 2
8399 8
8400 1
8401 1
8402 8
8403 1
8404 1
8405 3
8406 1
8407 4
8408 8
8409 4
8410 7
8411 7
8412 4
8413 6
8414 4
8415 5
8416 3
8417 1
8418 6
8419 5
8420 5
8421 3
8422 10
8423 7
8424 7
8425 1
8426 2
8427 3
8428 10
8429 5
8430 8
8431 4
8432 3
8433 1
8434 4
8435 10
8436 2
8437 6
8438 2
8439 5
8440 3
8441 2
8442 9
8443 4
8444 5
8445 4
8446 9
8447 1
8448 10
8449 3
8450 4
8451 9
8452 10
8453 2
8454 4
8455 10
8456 4
8457 3
8458 6
8459 5
8460 9
8461 4
8462 4
8463 6
8464 2
8465 1
8466 3
8467 5
8468 10
8469 2
8470 4
8471 10
8472 8
8473 3
8474 10
8475 3
8476 7
8477 8
8478 8
8479 7
8480 7
8481 6
8482 5
8483 2
8484 9
8485 8
8486 2
8487 7
8488 4
8489 3
8490 2
8491 5
8492 7
8493 10
8494 8
8495 1
8496 8
8497 1
8498 7
8499 3
8500 6
8501 5
8502 10
8503 10
8504 9
8505 10
8506 9
8507 3
8508 5
8509 2
8510 6
8511 8
8512 4
8513 8
8514 9
8515 10
8516 6
8517 3
8518 6
8519 10
8520 6
8521 4
8522 3
8523 6
8524 5
8525 3
8526 6
8527 8
8528 5
8529 2
8530 1
8531 4
8532 3
8533 3
8534 10
8535 1
8536 6
8537 2
8538 9
8539 2
8540 6
8541 4
8542 3
8543 6
8544 9
8545 1
8546 8
8547 5
8548 4
8549 8
8550 10
8551 1
8552 9
8553 1
8554 1
8555 8
8556 4
8557 1
8558 4
8559 8
8560 2
8561 3
8562 8
8563 2
8564 3
8565 3
8566 4
8567 8
8568 9
8569 1
8570 1
8571 5
8572 9
8573 7
8574 6
8575 10
8576 3
8577 5
8578 6
8579 6
8580 4
8581 2
8582 10
8583 8
8584 6
8585 1
8586 10
8587 7
8588 9
8589 4
8590 8
8591 4
8592 3
8593 5
8594 2
8595 3
8596 2
8597 9
8598 7
8599 2
8600 6
8601 4
8602 2
8603 9
8604 4
8605 3
8606 1
8607 4
8608 1
8609 4
8610 7
8611 6
8612 2
8613 7
8614 9
8615 8
8616 1
8617 6
8618 4
8619 10
8620 10
8621 10
8622 1
8623 3
8624 4
8625 2
8626 3
8627 5
8628 3
8629 5
8630 3
8631 8
8632 8
8633 6
8634 4
8635 4
8636 3
8637 10
8638 4
8639 4
8640 8
8641 2
8642 1
8643 4
8644 3
8645 4
8646 4
8647 9
8648 9
8649 10
8650 2
8651 8
8652 4
8653 7
8654 6
8655 3
8656 6
8657 7
8658 10
8659 7
8660 6
8661 5
8662 7
8663 6
8664 4
8665 1
8666 1
8667 5
8668 3
8669 4
8670 2
8671 9
8672 7
8673 4
8674 1
8675 9
8676 8
8677 6
8678 9
8679 10
8680 9
8681 9
8682 3
8683 3
8684 5
8685 9
8686 3
8687 4
8688 9
8689 5
8690 9
8691 10
8692 6
8693 5
8694 2
8695 9
8696 1
8697 8
8698 7
8699 6
8700 7
8701 4
8702 2
8703 2
8704 5
8705 7
8706 5
8707 7
8708 2
8709 5
8710 3
8711 10
8712 5
8713 7
8714 7
8715 3
8716 9
8717 9
8718 7
8719 6
8720 6
8721 10
8722 5
8723 1
8724 1
8725 2
8726 4
8727 7
8728 9
8729 10
8730 7
8731 1
8732 7
8733 10
8734 6
8735 9
8736 3
8737 9
8738 4
8739 4
8740 10
8741 4
8742 3
8743 6
8744 7
8745 4
8746 3
8747 9
8748 4
8749 10
8750 3
8751 2
8752 4
8753 2
8754 3
8755 5
8756 10
8757 1
8758 1
8759 8
8760 3
8761 10
8762 8
8763 8
8764 1
8765 8
8766 1
8767 1
8768 9
8769 1
8770 6
8771 5
8772 4
8773 3
8774 2
8775 2
8776 10
8777 8
8778 6
8779 2
8780 10
8781 8
8782 4
8783 3
8784 4
8785 5
8786 9
8787 2
8788 4
8789 6
8790 8
8791 10
8792 10
8793 2
8794 5
8795 8
8796 4
8797 10
8798 8
8799 7
8800 6
8801 7
8802 8
8803 10
8804 6
8805 6
8806 7
8807 9
8808 6
8809 5
8810 9
8811 3
8812 5
8813 10
8814 2
8815 1
8816 7
8817 2
8818 10
8819 2
8820 7
8821 4
8822 2
8823 2
8824 8
8825 2
8826 4
8827 7
8828 3
8829 5
8830 6
8831 9
8832 8
8833 5
8834 3
8835 9
8836 1
8837 10
8838 9
8839 3
8840 10
8841 1
8842 8
8843 1
8844 2
8845 6
8846 7
8847 4
8848 1
8849 5
8850 4
8851 8
8852 10
8853 1
8854 8
8855 4
8856 7
8857 2
8858 5
8859 4
8860 9
8861 10
8862 9
8863 1
8864 7
8865 7
8866 9
8867 2
8868 4
8869 8
8870 9
8871 3
8872 10
8873 2
8874 4
8875 1
8876 3
8877 7
8878 9
8879 1
8880 10
8881 6
8882 3
8883 7
8884 10
8885 3
8886 2
8887 7
8888 3
8889 4
8890 2
8891 10
8892 9
8893 8
8894 1
8895 10
8896 4
8897 4
8898 7
8899 6
8900 7
8901 2
8902 6
8903 8
8904 1
8905 2
8906 10
8907 8
8908 10
8909 4
8910 6
8911 3
8912 2
8913 2
8914 3
8915 8
8916 1
8917 10
8918 4
8919 1
8920 1
8921 9
8922 1
8923 9
8924 2
8925 1
8926 10
8927 4
8928 2
8929 4
8930 10
8931 5
8932 3
8933 9
8934 1
8935 10
8936 7
8937 7
8938 3
8939 5
8940 4
8941 9
8942 2
8943 10
8944 5
8945 2
8946 8
8947 10
8948 7
8949 9
8950 5
8951 5
8952 6
8953 10
8954 2
8955 1
8956 5
8957 4
8958 8
8959 3
8960 1
8961 6
8962 6
8963 7
8964 3
8965 10
8966 10
8967 8
8968 9
8969 1
8970 6
8971 10
8972 10
8973 10
8974 3
8975 2
8976 4
8977 8
8978 9
8979 6
8980 7
8981 4
8982 2
8983 6
8984 8
8985 8
8986 9
8987 9
8988 7
8989 3
8990 5
8991 7
8992 3
8993 9
8994 1
8995 5
8996 6
8997 5
8998 8
8999 9
9000 10
9001 7
9002 7
9003 3
9004 9
9005 3
9006 8
9007 5
9008 2
9009 6
9010 4
9011 2
9012 8
9013 4
9014 9
9015 2
9016 4
9017 7
9018 8
9019 2
9020 7
9021 7
9022 2
9023 7
9024 9
9025 8
9026 9
9027 8
9028 6
9029 7
9030 7
9031 8
9032 1
9033 7
9034 5
9035 1
9036 1
9037 4
9038 4
9039 1
9040 9
9041 3
9042 2
9043 6
9044 2
9045 8
9046 1
9047 7
9048 9
9049 3
9050 9
9051 8
9052 2
9053 9
9054 2
9055 8
9056 6
9057 5
9058 6
9059 10
9060 4
9061 1
9062 4
9063 3
9064 9
9065 7
9066 8
9067 8
9068 5
9069 1
9070 1
9071 6
9072 7
9073 4
9074 8
9075 9
9076 6
9077 8
9078 7
9079 8
9080 4
9081 5
9082 5
9083 1
9084 4
9085 7
9086 9
9087 9
9088 10
9089 9
9090 4
9091 3
9092 7
9093 1
9094 5
9095 1
9096 9
9097 3
9098 7
9099 9
9100 8
9101 9
9102 4
9103 7
9104 7
9105 4
9106 6
9107 7
9108 6
9109 9
9110 2
9111 1
9112 3
9113 10
9114 5
9115 2
9116 10
9117 8
9118 9
9119 7
9120 2
9121 3
9122 9
9123 5
9124 3
9125 1
9126 3
9127 6
9128 9
9129 4
9130 3
9131 10
9132 1
9133 5
9134 9
9135 2
9136 7
9137 9
9138 4
9139 4
9140 10
9141 5
9142 4
9143 5
9144 4
9145 5
9146 7
9147 4
9148 2
9149 6
9150 9
9151 4
9152 8
9153 3
9154 9
9155 9
9156 10
9157 6
9158 8
9159 7
9160 6
9161 10
9162 7
9163 3
9164 6
9165 3
9166 3
9167 7
9168 6
9169 7
9170 4
9171 9
9172 10
9173 8
9174 4
9175 1
9176 7
9177 1
9178 9
9179 5
9180 5
9181 9
9182 1
9183 2
9184 4
9185 4
9186 8
9187 9
9188 7
9189 10
9190 10
9191 5
9192 2
9193 4
9194 2
9195 6
9196 4
9197 5
9198 3
9199 2
9200 3
9201 10
9202 8
9203 7
9204 10
9205 7
9206 4
9207 1
9208 9
9209 8
9210 10
9211 6
9212 5
9213 2
9214 2
9215 7
9216 8
9217 3
9218 4
9219 7
9220 4
9221 4
9222 2
9223 2
9224 5
9225 7
9226 5
9227 8
9228 4
9229 7
9230 9
9231 4
9232 1
9233 2
9234 6
9235 4
9236 3
9237 10
9238 6
9239 6
9240 10
9241 1
9242 4
9243 6
9244 3
9245 8
9246 6
9247 5
9248 3
9249 10
9250 2
9251 4
9252 3
9253 10
9254 3
9255 8
9256 3
9257 8
9258 5
9259 8
9260 8
9261 1
9262 9
9263 6
9264 10
9265 9
9266 2
9267 9
9268 5
9269 10
9270 7
9271 9
9272 6
9273 1
9274 2
9275 6
9276 3
9277 1
9278 10
9279 9
9280 8
9281 5
9282 1
9283 9
9284 2
9285 6
9286 10
9287 2
9288 9
9289 8
9290 5
9291 1
9292 9
9293 4
9294 3
9295 4
9296 2
9297 10
9298 3
9299 6
9300 10
9301 2
9302 6
9303 3
9304 1
9305 9
9306 8
9307 5
9308 4
9309 10
9310 6
9311 6
9312 3
9313 10
9314 8
9315 7
9316 5
9317 7
9318 4
9319 7
9320 5
9321 2
9322 9
9323 8
9324 10
9325 6
9326 8
9327 8
9328 7
9329 9
9330 10
9331 8
9332 5
9333 6
9334 4
9335 9
9336 6
9337 5
9338 3
9339 4
9340 7
9341 8
9342 9
9343 3
9344 8
9345 4
9346 4
9347 2
9348 2
9349 4
9350 3
9351 3
9352 5
9353 10
9354 10
9355 3
9356 8
9357 9
9358 4
9359 10
9360 4
9361 9
9362 7
9363 9
9364 3
9365 2
9366 2
9367 8
9368 9
9369 2
9370 6
9371 3
9372 4
9373 1
9374 8
9375 9
9376 4
9377 6
9378 5
9379 5
9380 10
9381 7
9382 5
9383 5
9384 3
9385 10
9386 6
9387 2
9388 3
9389 3
9390 9
9391 4
9392 7
9393 5
9394 10
9395 3
9396 8
9397 6
9398 2
9399 7
9400 4
9401 10
9402 1
9403 2
9404 3
9405 8
9406 4
9407 3
9408 6
9409 1
9410 7
9411 7
9412 4
9413 6
9414 1
9415 6
9416 10
9417 10
9418 8
9419 5
9420 6
9421 4
9422 7
9423 1
9424 5
9425 1
9426 9
9427 8
9428 7
9429 7
9430 10
9431 1
9432 1
9433 7
9434 10
9435 6
9436 7
9437 7
9438 7
9439 1
9440 3
9441 4
9442 1
9443 1
9444 1
9445 2
9446 7
9447 9
9448 10
9449 8
9450 5
9451 4
9452 2
9453 2
9454 8
9455 3
9456 3
9457 4
9458 3
9459 8
9460 4
9461 2
9462 7
9463 9
9464 5
9465 6
9466 5
9467 5
9468 3
9469 10
9470 4
9471 1
9472 8
9473 6
9474 4
9475 2
9476 7
9477 6
9478 8
9479 8
9480 2
9481 3
9482 8
9483 4
9484 3
9485 7
9486 9
9487 8
9488 9
9489 3
9490 10
9491 8
9492 6
9493 2
9494 5
9495 6
9496 10
9497 9
9498 4
9499 7
9500 6
9501 5
9502 7
9503 6
9504 2
9505 7
9506 10
9507 3
9508 7
9509 3
9510 1
9511 1
9512 10
9513 9
9514 2
9515 4
9516 9
9517 2
9518 7
9519 5
9520 10
9521 7
9522 4
9523 2
9524 5
9525 10
9526 9
9527 7
9528 2
9529 5
9530 5
9531 8
9532 2
9533 7
9534 8
9535 6
9536 6
9537 3
9538 4
9539 7
9540 10
9541 4
9542 7
9543 3
9544 7
9545 1
9546 4
9547 4
9548 8
9549 4
9550 9
9551 4
9552 6
9553 4
9554 7
9555 7
9556 9
9557 1
9558 7
9559 2
9560 9
9561 7
9562 9
9563 3
9564 6
9565 10
9566 7
9567 4
9568 1
9569 10
9570 7
9571 10
9572 6
9573 8
9574 9
9575 10
9576 9
9577 10
9578 8
9579 6
9580 9
9581 5
9582 4
9583 8
9584 8
9585 1
9586 4
9587 5
9588 10
9589 5
9590 3
9591 7
9592 3
9593 5
9594 5
9595 2
9596 2
9597 5
9598 10
9599 4
9600 9
9601 2
9602 10
9603 5
9604 9
9605 8
9606 4
9607 9
9608 6
9609 9
9610 5
9611 8
9612 8
9613 8
9614 2
9615 3
9616 1
9617 6
9618 10
9619 4
9620 8
9621 6
9622 8
9623 9
9624 4
9625 7
9626 3
9627 2
9628 6
9629 5
9630 2
9631 10
9632 5
9633 4
9634 10
9635 10
9636 5
9637 8
9638 3
9639 8
9640 5
9641 7
9642 6
9643 8
9644 10
9645 1
9646 10
9647 3
9648 2
9649 2
9650 2
9651 6
9652 6
9653 6
9654 8
9655 8
9656 4
9657 7
9658 1
9659 4
9660 10
9661 5
9662 10
9663 10
9664 10
9665 2
9666 10
9667 9
9668 4
9669 2
9670 3
9671 1
9672 8
9673 6
9674 6
9675 10
9676 9
9677 1
9678 6
9679 5
9680 4
9681 5
9682 9
9683 10
9684 4
9685 8
9686 7
9687 4
9688 2
9689 1
9690 4
9691 8
9692 8
9693 6
9694 7
9695 8
9696 4
9697 3
9698 9
9699 1
9700 10
9701 3
9702 10
9703 10
9704 6
9705 3
9706 1
9707 3
9708 7
9709 8
9710 5
9711 6
9712 9
9713 7
9714 6
9715 2
9716 4
9717 10
9718 2
9719 3
9720 7
9721 8
9722 4
9723 9
9724 6
9725 7
9726 9
9727 7
9728 5
9729 9
9730 9
9731 6
9732 5
9733 4
9734 10
9735 6
9736 2
9737 6
9738 9
9739 10
9740 2
9741 7
9742 6
9743 9
9744 10
9745 4
9746 10
9747 3
9748 1
9749 10
9750 5
9751 4
9752 5
9753 1
9754 10
9755 8
9756 7
9757 1
9758 10
9759 4
9760 1
9761 7
9762 10
9763 10
9764 6
9765 6
9766 6
9767 5
9768 8
9769 6
9770 3
9771 6
9772 4
9773 10
9774 4
9775 7
9776 5
9777 4
9778 2
9779 10
9780 6
9781 2
9782 8
9783 10
9784 2
9785 5
9786 4
9787 8
9788 8
9789 3
9790 6
9791 2
9792 6
9793 2
9794 4
9795 5
9796 5
9797 5
9798 9
9799 2
9800 6
9801 6
9802 2
9803 1
9804 6
9805 2
9806 9
9807 1
9808 1
9809 1
9810 8
9811 7
9812 1
9813 10
9814 3
9815 9
9816 10
9817 9
9818 8
9819 5
9820 7
9821 1
9822 1
9823 7
9824 5
9825 8
9826 6
9827 5
9828 2
9829 8
9830 5
9831 8
9832 7
9833 7
9834 6
9835 3
9836 9
9837 6
9838 6
9839 4
9840 8
9841 3
9842 4
9843 7
9844 7
9845 1
9846 5
9847 9
9848 9
9849 2
9850 2
9851 9
9852 4
9853 7
9854 8
9855 5
9856 5
9857 9
9858 4
9859 5
9860 9
9861 3
9862 10
9863 3
9864 10
9865 1
9866 6
9867 5
9868 1
9869 1
9870 7
9871 7
9872 7
9873 10
9874 1
9875 8
9876 6
9877 8
9878 1
9879 9
9880 8
9881 5
9882 5
9883 6
9884 6
9885 1
9886 3
9887 6
9888 9
9889 6
9890 2
9891 8
9892 10
9893 7
9894 9
9895 6
9896 7
9897 4
9898 6
9899 7
9900 3
9901 9
9902 4
9903 4
9904 2
9905 3
9906 5
9907 7
9908 5
9909 9
9910 5
9911 6
9912 3
9913 4
9914 4
9915 6
9916 9
9917 8
9918 10
9919 6
9920 7
9921 3
9922 1
9923 10
9924 10
9925 10
9926 8
9927 8
9928 5
9929 8
9930 3
9931 8
9932 3
9933 7
9934 6
9935 5
9936 9
9937 10
9938 4
9939 9
9940 2
9941 1
9942 2
9943 1
9944 9
9945 2
9946 5
9947 6
9948 1
9949 7
9950 3
9951 8
9952 6
9953 9
9954 8
9955 4
9956 4
9957 5
9958 5
9959 1
9960 3
9961 5
9962 6
9963 10
9964 2
9965 3
9966 6
9967 6
9968 5
9969 9
9970 5
9971 5
9972 9
9973 8
9974 1
9975 7
9976 2
9977 6
9978 10
9979 3
9980 10
9981 9
9982 10
9983 10
9984 3
9985 9
9986 9
9987 2
9988 2
9989 8
9990 6
9991 10
9992 9
9993 3
9994 5
9995 2
9996 4
9997 3
9998 5
9999 8
10000 8
;
