125 3015 19
1 7 0 1 2 3 4 5 7 
1 7 0 1 2 3 4 6 7 
1 7 0 1 2 3 4 5 23 
1 7 0 1 2 3 4 22 23 
1 7 0 1 2 3 4 5 34 
1 7 0 1 2 3 4 33 34 
1 7 0 1 2 3 4 5 50 
1 7 0 1 2 3 4 49 50 
1 7 0 1 2 3 4 5 61 
1 7 0 1 2 3 4 60 61 
1 7 0 1 2 3 4 5 79 
1 7 0 1 2 3 4 78 79 
1 7 0 1 2 3 4 5 90 
1 7 0 1 2 3 4 89 90 
1 6 72 73 74 75 76 116 
1 6 72 73 74 75 76 7 
1 7 72 73 74 75 76 33 34 
1 7 72 73 74 75 76 77 50 
1 7 72 73 74 75 76 49 50 
1 7 72 73 74 75 76 77 61 
1 7 72 73 74 75 76 60 61 
1 7 72 73 74 75 76 77 79 
1 7 72 73 74 75 76 78 79 
1 7 72 73 74 75 76 77 90 
1 7 72 73 74 75 76 89 90 
1 7 72 73 74 75 76 77 104 
1 7 72 73 74 75 76 103 104 
1 7 72 73 74 75 76 77 117 
1 7 72 73 74 75 76 116 117 
1 6 97 98 99 100 101 7 
1 6 97 98 99 100 101 23 
1 6 97 98 99 100 101 34 
1 7 97 98 99 100 101 60 61 
1 7 97 98 99 100 101 102 79 
1 7 97 98 99 100 101 78 79 
1 7 97 98 99 100 101 102 90 
1 7 97 98 99 100 101 89 90 
1 7 97 98 99 100 101 102 104 
1 7 97 98 99 100 101 103 104 
1 7 97 98 99 100 101 102 117 
1 7 97 98 99 100 101 116 117 
1 6 2 3 4 5 7 8 
1 6 2 3 4 6 7 8 
1 6 2 3 4 5 6 8 
1 6 2 3 4 5 23 24 
1 6 2 3 4 22 23 24 
1 6 2 3 4 5 6 24 
1 6 2 3 4 5 34 35 
1 6 2 3 4 33 34 35 
1 6 2 3 4 5 6 35 
1 6 2 3 4 5 90 91 
1 6 2 3 4 89 90 91 
1 6 2 3 4 5 50 51 
1 6 2 3 4 49 50 51 
1 6 2 3 4 5 6 51 
1 6 2 3 4 5 61 62 
1 6 2 3 4 60 61 62 
1 6 2 3 4 5 6 62 
1 6 2 3 4 5 79 80 
1 6 2 3 4 78 79 80 
1 6 2 3 4 5 6 80 
1 6 2 3 4 5 104 105 
1 5 74 75 76 7 8 
1 6 74 75 76 33 34 35 
1 6 74 75 76 77 78 35 
1 6 74 75 76 77 90 91 
1 6 74 75 76 89 90 91 
1 6 74 75 76 77 50 51 
1 6 74 75 76 49 50 51 
1 6 74 75 76 77 78 51 
1 6 74 75 76 77 61 62 
1 6 74 75 76 60 61 62 
1 6 74 75 76 77 78 62 
1 6 74 75 76 77 79 80 
1 6 74 75 76 78 79 80 
1 6 74 75 76 77 78 80 
1 6 74 75 76 77 104 105 
1 6 74 75 76 103 104 105 
1 6 74 75 76 77 78 105 
1 6 74 75 76 77 117 118 
1 6 74 75 76 116 117 118 
1 6 74 75 76 77 78 118 
1 6 45 46 47 6 7 8 
1 6 45 46 47 48 49 8 
1 6 45 46 47 48 23 24 
1 6 45 46 47 22 23 24 
1 6 45 46 47 48 49 24 
1 6 45 46 47 48 34 35 
1 6 45 46 47 33 34 35 
1 6 45 46 47 48 49 35 
1 6 45 46 47 48 90 91 
1 6 45 46 47 89 90 91 
1 6 45 46 47 48 50 51 
1 6 45 46 47 49 50 51 
1 6 45 46 47 48 49 51 
1 6 45 46 47 48 61 62 
1 6 45 46 47 60 61 62 
1 6 45 46 47 48 49 62 
1 6 45 46 47 48 79 80 
1 6 45 46 47 78 79 80 
1 6 45 46 47 48 49 80 
1 6 45 46 47 48 104 105 
1 6 45 46 47 103 104 105 
1 6 45 46 47 48 49 105 
1 6 45 46 47 48 117 118 
1 6 45 46 47 116 117 118 
1 6 45 46 47 48 49 118 
1 7 3 4 5 7 8 9 10 
1 7 3 4 5 23 24 25 26 
1 7 3 4 5 34 35 36 37 
1 7 3 4 5 50 51 52 53 
1 7 3 4 5 6 7 52 53 
1 7 3 4 5 6 7 92 93 
1 7 3 4 5 8 9 10 11 
1 7 3 4 5 24 25 26 27 
1 7 3 4 5 6 7 26 27 
1 7 3 4 5 51 52 53 54 
1 7 3 4 5 6 52 53 54 
1 7 3 4 5 6 7 53 54 
1 7 3 4 5 91 92 93 94 
1 7 3 4 5 6 7 93 94 
1 7 3 4 5 118 119 120 121 
1 5 19 20 21 61 62 
1 5 19 20 60 61 62 
1 5 19 20 21 22 62 
1 5 19 20 21 79 80 
1 5 19 20 78 79 80 
1 5 19 20 21 22 80 
1 5 19 20 21 104 105 
1 5 19 20 103 104 105 
1 5 19 20 21 22 105 
1 5 19 20 21 117 118 
1 6 19 20 21 7 8 9 
1 6 19 20 21 22 23 9 
1 6 19 20 6 7 8 9 
1 6 19 20 21 22 8 9 
1 6 19 20 21 23 24 25 
1 6 19 20 21 22 23 25 
1 6 19 20 22 23 24 25 
1 6 19 20 21 22 24 25 
1 6 19 20 21 34 35 36 
1 6 19 20 21 22 23 36 
1 6 19 20 33 34 35 36 
1 6 19 20 21 22 35 36 
1 6 19 20 21 50 51 52 
1 6 19 20 21 22 23 52 
1 6 19 20 49 50 51 52 
1 6 19 20 21 22 51 52 
1 6 19 20 21 61 62 63 
1 6 19 20 21 22 23 63 
1 6 19 20 60 61 62 63 
1 6 19 20 21 22 62 63 
1 6 19 20 21 79 80 81 
1 6 19 20 21 22 23 81 
1 6 19 20 78 79 80 81 
1 6 19 20 21 22 80 81 
1 6 19 20 21 22 23 92 
1 6 19 20 21 90 91 92 
1 6 19 20 89 90 91 92 
1 6 19 20 21 22 91 92 
1 6 19 20 21 104 105 106 
1 6 19 20 21 22 23 106 
1 6 19 20 103 104 105 106 
1 6 19 20 21 22 105 106 
1 6 19 20 21 117 118 119 
1 6 19 20 21 22 23 119 
1 7 19 20 21 7 8 9 10 
1 7 19 20 21 22 23 9 10 
1 7 19 20 21 22 8 9 10 
1 7 19 20 21 23 24 25 26 
1 7 19 20 21 22 23 25 26 
1 7 19 20 21 22 24 25 26 
1 7 19 20 21 34 35 36 37 
1 7 19 20 21 22 23 36 37 
1 7 19 20 21 22 35 36 37 
1 7 19 20 21 50 51 52 53 
1 7 19 20 21 22 23 52 53 
1 7 19 20 21 22 51 52 53 
1 7 19 20 21 61 62 63 64 
1 7 19 20 21 22 23 63 64 
1 7 19 20 21 22 62 63 64 
1 7 19 20 21 79 80 81 82 
1 7 19 20 21 22 23 81 82 
1 7 19 20 21 22 80 81 82 
1 7 19 20 21 22 23 92 93 
1 7 19 20 21 90 91 92 93 
1 7 19 20 21 22 91 92 93 
1 7 19 20 21 104 105 106 107 
1 7 19 20 21 22 23 106 107 
1 7 19 20 21 22 105 106 107 
1 7 19 20 21 8 9 10 11 
1 7 19 20 21 22 9 10 11 
1 7 19 20 21 22 23 10 11 
1 7 19 20 21 24 25 26 27 
1 7 19 20 21 22 25 26 27 
1 7 19 20 21 22 23 26 27 
1 6 19 20 21 22 26 27 
1 7 19 20 21 35 36 37 38 
1 7 19 20 21 22 36 37 38 
1 7 19 20 21 22 23 37 38 
1 7 19 20 21 51 52 53 54 
1 7 19 20 21 22 52 53 54 
1 7 19 20 21 22 23 53 54 
1 6 19 20 21 22 53 54 
1 7 19 20 21 62 63 64 65 
1 7 19 20 21 22 63 64 65 
1 7 19 20 21 22 23 64 65 
1 6 19 20 21 22 64 65 
1 7 19 20 21 80 81 82 83 
1 7 19 20 21 22 81 82 83 
1 7 19 20 21 22 23 82 83 
1 6 19 20 21 22 82 83 
1 7 19 20 21 22 92 93 94 
1 7 19 20 21 91 92 93 94 
1 7 19 20 21 22 23 93 94 
1 6 19 20 21 22 93 94 
1 7 19 20 21 105 106 107 108 
1 7 19 20 21 22 106 107 108 
1 7 19 20 21 22 23 107 108 
1 7 19 20 21 118 119 120 121 
1 7 19 20 21 22 119 120 121 
1 7 19 20 21 22 23 120 121 
1 6 19 20 21 10 11 12 
1 6 19 20 21 22 11 12 
1 6 19 20 21 26 27 28 
1 6 19 20 21 22 27 28 
1 6 19 20 21 37 38 39 
1 6 19 20 21 22 38 39 
1 6 19 20 21 64 65 66 
1 6 19 20 21 22 65 66 
1 7 75 76 77 78 35 36 37 
1 7 75 76 77 50 51 52 53 
1 7 75 76 77 78 51 52 53 
1 7 75 76 77 90 91 92 93 
1 7 75 76 77 78 91 92 93 
1 7 75 76 77 117 118 119 120 
1 7 75 76 77 78 118 119 120 
1 7 75 76 77 8 9 10 11 
1 7 75 76 77 24 25 26 27 
1 7 75 76 77 78 25 26 27 
1 7 75 76 77 51 52 53 54 
1 7 75 76 77 78 52 53 54 
1 7 75 76 77 91 92 93 94 
1 7 75 76 77 118 119 120 121 
1 7 75 76 77 78 119 120 121 
1 5 57 58 59 104 105 
1 5 57 58 103 104 105 
1 5 57 58 59 60 105 
1 5 57 58 59 117 118 
1 5 57 58 116 117 118 
1 5 57 58 59 60 118 
1 6 57 58 22 23 24 25 
1 6 57 58 59 60 24 25 
1 6 57 58 59 34 35 36 
1 6 57 58 59 60 61 36 
1 6 57 58 33 34 35 36 
1 6 57 58 59 60 35 36 
1 6 57 58 59 50 51 52 
1 6 57 58 59 60 61 52 
1 6 57 58 49 50 51 52 
1 6 57 58 59 60 51 52 
1 6 57 58 59 61 62 63 
1 6 57 58 59 60 61 63 
1 6 57 58 60 61 62 63 
1 6 57 58 59 60 62 63 
1 6 57 58 59 79 80 81 
1 6 57 58 59 60 61 81 
1 6 57 58 78 79 80 81 
1 6 57 58 59 60 80 81 
1 6 57 58 59 60 61 92 
1 6 57 58 59 90 91 92 
1 6 57 58 89 90 91 92 
1 6 57 58 59 60 91 92 
1 6 57 58 59 104 105 106 
1 6 57 58 59 60 61 106 
1 6 57 58 103 104 105 106 
1 6 57 58 59 60 105 106 
1 6 57 58 59 117 118 119 
1 6 57 58 59 60 61 119 
1 6 57 58 116 117 118 119 
1 6 57 58 59 60 118 119 
1 7 57 58 59 60 24 25 26 
1 7 57 58 59 34 35 36 37 
1 7 57 58 59 60 61 36 37 
1 7 57 58 59 60 35 36 37 
1 7 57 58 59 50 51 52 53 
1 7 57 58 59 60 61 52 53 
1 7 57 58 59 60 51 52 53 
1 7 57 58 59 61 62 63 64 
1 7 57 58 59 60 61 63 64 
1 7 57 58 59 60 62 63 64 
1 7 57 58 59 79 80 81 82 
1 7 57 58 59 60 61 81 82 
1 7 57 58 59 60 80 81 82 
1 7 57 58 59 60 61 92 93 
1 7 57 58 59 90 91 92 93 
1 7 57 58 59 60 91 92 93 
1 7 57 58 59 104 105 106 107 
1 7 57 58 59 60 61 106 107 
1 7 57 58 59 60 105 106 107 
1 7 57 58 59 117 118 119 120 
1 7 57 58 59 60 61 119 120 
1 7 57 58 59 60 118 119 120 
1 7 57 58 59 8 9 10 11 
1 7 57 58 59 60 9 10 11 
1 7 57 58 59 60 61 10 11 
1 7 57 58 59 24 25 26 27 
1 7 57 58 59 60 25 26 27 
1 7 57 58 59 60 61 26 27 
1 7 57 58 59 35 36 37 38 
1 7 57 58 59 60 36 37 38 
1 7 57 58 59 60 61 37 38 
1 7 57 58 59 51 52 53 54 
1 7 57 58 59 60 52 53 54 
1 7 57 58 59 60 61 53 54 
1 7 57 58 59 62 63 64 65 
1 7 57 58 59 60 63 64 65 
1 7 57 58 59 60 61 64 65 
1 6 57 58 59 60 64 65 
1 7 57 58 59 80 81 82 83 
1 7 57 58 59 60 81 82 83 
1 7 57 58 59 60 61 82 83 
1 6 57 58 59 60 82 83 
1 7 57 58 59 91 92 93 94 
1 7 57 58 59 60 61 93 94 
1 6 57 58 59 60 93 94 
1 7 57 58 59 105 106 107 108 
1 7 57 58 59 60 106 107 108 
1 7 57 58 59 60 61 107 108 
1 7 57 58 59 118 119 120 121 
1 7 57 58 59 60 119 120 121 
1 7 57 58 59 60 61 120 121 
1 7 57 58 59 60 10 11 12 
1 7 57 58 59 60 26 27 28 
1 6 57 58 59 37 38 39 
1 6 57 58 59 60 38 39 
1 6 57 58 59 64 65 66 
1 6 57 58 59 60 65 66 
1 6 57 58 59 82 83 84 
1 6 57 58 59 60 83 84 
1 6 100 101 60 61 62 63 
1 6 100 101 102 79 80 81 
1 6 100 101 102 104 105 106 
1 6 100 101 103 104 105 106 
1 6 100 101 102 117 118 119 
1 6 100 101 116 117 118 119 
1 6 100 101 7 8 9 10 
1 6 100 101 23 24 25 26 
1 6 100 101 34 35 36 37 
1 7 100 101 102 103 62 63 64 
1 7 100 101 102 79 80 81 82 
1 7 100 101 102 103 80 81 82 
1 7 100 101 102 90 91 92 93 
1 7 100 101 102 103 91 92 93 
1 7 100 101 102 104 105 106 107 
1 7 100 101 102 103 105 106 107 
1 7 100 101 102 117 118 119 120 
1 7 100 101 102 103 118 119 120 
1 6 100 101 102 25 26 27 
1 6 100 101 102 103 26 27 
1 7 100 101 102 35 36 37 38 
1 7 100 101 102 103 36 37 38 
1 7 100 101 102 51 52 53 54 
1 7 100 101 102 103 52 53 54 
1 7 100 101 102 62 63 64 65 
1 7 100 101 102 103 63 64 65 
1 7 100 101 102 80 81 82 83 
1 7 100 101 102 103 81 82 83 
1 7 100 101 102 91 92 93 94 
1 6 100 101 102 103 93 94 
1 7 100 101 102 105 106 107 108 
1 7 100 101 102 103 106 107 108 
1 7 100 101 102 118 119 120 121 
1 7 100 101 102 103 119 120 121 
1 6 100 101 102 26 27 28 
1 6 100 101 102 103 27 28 
1 6 100 101 102 82 83 84 
1 6 100 101 102 103 83 84 
1 5 113 114 7 8 9 
1 5 113 114 115 8 9 
1 5 113 114 115 116 9 
1 5 113 114 23 24 25 
1 5 113 114 115 24 25 
1 5 113 114 115 116 25 
1 5 113 114 34 35 36 
1 5 113 114 115 35 36 
1 5 113 114 115 116 36 
1 5 113 114 50 51 52 
1 6 113 114 78 79 80 81 
1 6 113 114 115 116 80 81 
1 6 113 114 115 90 91 92 
1 6 113 114 89 90 91 92 
1 6 113 114 115 116 91 92 
1 5 113 114 115 116 92 
1 6 113 114 115 104 105 106 
1 6 113 114 115 116 117 106 
1 6 113 114 103 104 105 106 
1 6 113 114 115 116 105 106 
1 6 113 114 115 117 118 119 
1 6 113 114 115 116 117 119 
1 6 113 114 116 117 118 119 
1 6 113 114 115 116 118 119 
1 6 113 114 7 8 9 10 
1 6 113 114 115 8 9 10 
1 6 113 114 115 116 9 10 
1 6 113 114 115 116 117 10 
1 6 113 114 23 24 25 26 
1 6 113 114 115 24 25 26 
1 6 113 114 115 116 25 26 
1 6 113 114 115 116 117 26 
1 6 113 114 34 35 36 37 
1 6 113 114 115 35 36 37 
1 6 113 114 115 116 36 37 
1 6 113 114 115 116 117 37 
1 6 113 114 50 51 52 53 
1 7 113 114 115 116 80 81 82 
1 7 113 114 115 90 91 92 93 
1 7 113 114 115 116 91 92 93 
1 6 113 114 115 116 92 93 
1 7 113 114 115 104 105 106 107 
1 7 113 114 115 116 117 106 107 
1 7 113 114 115 116 105 106 107 
1 7 113 114 115 117 118 119 120 
1 7 113 114 115 116 117 119 120 
1 7 113 114 115 116 118 119 120 
1 6 113 114 115 36 37 38 
1 6 113 114 115 116 37 38 
1 7 113 114 115 51 52 53 54 
1 7 113 114 115 116 52 53 54 
1 7 113 114 115 116 117 53 54 
1 7 113 114 115 62 63 64 65 
1 7 113 114 115 116 63 64 65 
1 7 113 114 115 116 117 64 65 
1 6 113 114 115 116 64 65 
1 7 113 114 115 80 81 82 83 
1 7 113 114 115 116 81 82 83 
1 7 113 114 115 116 117 82 83 
1 6 113 114 115 116 82 83 
1 7 113 114 115 116 92 93 94 
1 7 113 114 115 91 92 93 94 
1 7 113 114 115 116 117 93 94 
1 7 113 114 115 105 106 107 108 
1 7 113 114 115 116 106 107 108 
1 7 113 114 115 116 117 107 108 
1 7 113 114 115 118 119 120 121 
1 7 113 114 115 116 119 120 121 
1 7 113 114 115 116 117 120 121 
1 6 113 114 115 10 11 12 
1 6 113 114 115 116 11 12 
1 6 113 114 115 26 27 28 
1 6 113 114 115 116 27 28 
1 6 113 114 115 37 38 39 
1 6 113 114 115 116 38 39 
1 6 113 114 115 64 65 66 
1 6 113 114 115 116 65 66 
1 6 113 114 115 82 83 84 
1 6 113 114 115 116 83 84 
1 6 113 114 115 107 108 109 
1 6 113 114 115 116 108 109 
1 6 113 114 115 120 121 122 
1 6 113 114 115 116 121 122 
1 6 47 48 23 24 25 26 
1 6 47 48 49 50 25 26 
1 6 47 48 34 35 36 37 
1 6 47 48 50 51 52 53 
1 6 47 48 49 50 52 53 
1 6 47 48 49 50 92 93 
1 6 47 48 90 91 92 93 
1 6 47 48 117 118 119 120 
1 7 47 48 49 8 9 10 11 
1 7 47 48 49 50 25 26 27 
1 7 47 48 49 24 25 26 27 
1 7 47 48 49 50 36 37 38 
1 7 47 48 49 35 36 37 38 
1 6 47 48 49 92 93 94 
1 6 47 48 91 92 93 94 
1 6 47 48 49 50 93 94 
1 6 47 48 118 119 120 121 
1 6 47 48 49 50 120 121 
1 6 47 48 25 26 27 28 
1 6 47 48 49 50 27 28 
1 6 47 48 49 26 27 28 
1 6 47 48 49 50 83 84 
1 6 47 48 119 120 121 122 
1 6 47 48 49 50 121 122 
1 6 47 48 49 120 121 122 
1 5 31 32 7 8 9 
1 5 31 32 33 34 9 
1 5 31 32 33 8 9 
1 5 31 32 23 24 25 
1 5 31 32 33 34 25 
1 5 31 32 33 24 25 
1 5 31 32 34 35 36 
1 5 31 32 33 34 36 
1 5 31 32 33 35 36 
1 5 31 32 50 51 52 
1 5 31 32 33 34 52 
1 5 31 32 33 51 52 
1 5 31 32 61 62 63 
1 5 31 32 33 34 63 
1 5 31 32 33 62 63 
1 5 31 32 79 80 81 
1 5 31 32 33 34 81 
1 5 31 32 33 80 81 
1 5 31 32 33 34 92 
1 5 31 32 90 91 92 
1 5 31 32 33 91 92 
1 5 31 32 104 105 106 
1 5 31 32 33 34 106 
1 5 31 32 33 105 106 
1 5 31 32 117 118 119 
1 5 31 32 33 34 119 
1 5 31 32 33 118 119 
1 6 31 32 7 8 9 10 
1 6 31 32 33 34 9 10 
1 6 31 32 33 8 9 10 
1 6 31 32 23 24 25 26 
1 6 31 32 33 34 25 26 
1 6 31 32 33 24 25 26 
1 6 31 32 34 35 36 37 
1 6 31 32 33 34 36 37 
1 6 31 32 33 35 36 37 
1 6 31 32 50 51 52 53 
1 6 31 32 33 34 52 53 
1 6 31 32 33 51 52 53 
1 6 31 32 61 62 63 64 
1 6 31 32 33 34 63 64 
1 6 31 32 33 62 63 64 
1 6 31 32 79 80 81 82 
1 6 31 32 33 34 81 82 
1 6 31 32 33 80 81 82 
1 6 31 32 33 34 92 93 
1 6 31 32 90 91 92 93 
1 6 31 32 33 91 92 93 
1 6 31 32 104 105 106 107 
1 6 31 32 33 34 106 107 
1 6 31 32 33 105 106 107 
1 6 31 32 117 118 119 120 
1 6 31 32 33 34 119 120 
1 6 31 32 33 118 119 120 
1 7 31 32 33 34 9 10 11 
1 7 31 32 33 8 9 10 11 
1 7 31 32 33 34 25 26 27 
1 7 31 32 33 24 25 26 27 
1 7 31 32 33 34 36 37 38 
1 7 31 32 33 35 36 37 38 
1 6 31 32 80 81 82 83 
1 6 31 32 33 81 82 83 
1 6 31 32 33 34 82 83 
1 5 31 32 33 82 83 
1 6 31 32 33 92 93 94 
1 6 31 32 91 92 93 94 
1 6 31 32 33 34 93 94 
1 6 31 32 105 106 107 108 
1 6 31 32 33 106 107 108 
1 6 31 32 33 34 107 108 
1 6 31 32 118 119 120 121 
1 6 31 32 33 119 120 121 
1 6 31 32 33 34 120 121 
1 5 31 32 33 120 121 
1 6 31 32 9 10 11 12 
1 6 31 32 33 34 11 12 
1 6 31 32 33 10 11 12 
1 6 31 32 25 26 27 28 
1 6 31 32 33 34 27 28 
1 6 31 32 33 26 27 28 
1 5 31 32 33 27 28 
1 6 31 32 36 37 38 39 
1 6 31 32 33 34 38 39 
1 6 31 32 33 37 38 39 
1 6 31 32 63 64 65 66 
1 6 31 32 33 34 65 66 
1 6 31 32 33 64 65 66 
1 6 31 32 81 82 83 84 
1 6 31 32 33 34 83 84 
1 6 31 32 33 82 83 84 
1 6 31 32 106 107 108 109 
1 6 31 32 33 34 108 109 
1 6 31 32 33 107 108 109 
1 5 31 32 33 108 109 
1 6 31 32 119 120 121 122 
1 6 31 32 33 34 121 122 
1 6 31 32 33 120 121 122 
1 5 31 32 33 121 122 
1 6 31 32 53 54 55 56 
1 6 31 32 33 54 55 56 
1 6 31 32 33 34 55 56 
1 6 31 32 10 11 12 13 
1 6 31 32 33 11 12 13 
1 6 31 32 33 34 12 13 
1 5 31 32 33 12 13 
1 5 87 49 50 51 52 
1 5 87 88 89 51 52 
1 5 87 88 61 62 63 
1 5 87 88 89 90 63 
1 5 87 60 61 62 63 
1 5 87 88 89 62 63 
1 5 87 88 79 80 81 
1 5 87 88 89 90 81 
1 5 87 78 79 80 81 
1 5 87 88 89 80 81 
1 5 87 88 90 91 92 
1 5 87 89 90 91 92 
1 5 87 88 89 91 92 
1 5 87 88 104 105 106 
1 5 87 88 89 90 106 
1 5 87 103 104 105 106 
1 5 87 88 89 105 106 
1 5 87 88 117 118 119 
1 5 87 88 89 90 119 
1 5 87 116 117 118 119 
1 5 87 88 89 118 119 
1 6 87 88 89 90 91 10 
1 5 87 7 8 9 10 
1 5 87 88 8 9 10 
1 5 87 88 89 9 10 
1 5 87 88 89 90 10 
1 6 87 88 89 90 91 26 
1 5 87 23 24 25 26 
1 6 87 88 89 90 91 37 
1 6 87 88 89 51 52 53 
1 6 87 88 89 90 91 53 
1 6 87 88 61 62 63 64 
1 6 87 88 89 90 63 64 
1 6 87 88 89 62 63 64 
1 6 87 88 89 90 91 64 
1 6 87 88 79 80 81 82 
1 6 87 88 89 90 81 82 
1 6 87 88 89 80 81 82 
1 6 87 88 89 90 91 82 
1 6 87 88 90 91 92 93 
1 6 87 88 89 91 92 93 
1 6 87 88 89 90 91 93 
1 6 87 88 104 105 106 107 
1 6 87 88 89 90 106 107 
1 6 87 88 89 105 106 107 
1 6 87 88 89 90 91 107 
1 6 87 88 117 118 119 120 
1 6 87 88 89 90 119 120 
1 6 87 88 89 118 119 120 
1 6 87 88 89 90 91 120 
1 7 87 88 89 90 91 10 11 
1 6 87 88 8 9 10 11 
1 6 87 88 89 9 10 11 
1 6 87 88 89 90 10 11 
1 7 87 88 89 90 91 26 27 
1 7 87 88 89 90 91 37 38 
1 7 87 88 89 51 52 53 54 
1 7 87 88 89 90 91 53 54 
1 7 87 88 89 90 63 64 65 
1 7 87 88 89 62 63 64 65 
1 7 87 88 89 90 91 64 65 
1 7 87 88 89 90 81 82 83 
1 7 87 88 89 80 81 82 83 
1 7 87 88 89 90 91 82 83 
1 7 87 88 89 90 91 11 12 
1 6 87 88 9 10 11 12 
1 6 87 88 89 10 11 12 
1 7 87 88 89 25 26 27 28 
1 7 87 88 89 90 26 27 28 
1 7 87 88 89 90 91 27 28 
1 7 87 88 89 90 91 38 39 
1 6 87 88 36 37 38 39 
1 6 87 88 89 37 38 39 
1 7 87 88 89 90 91 65 66 
1 6 87 88 63 64 65 66 
1 6 87 88 89 64 65 66 
1 7 87 88 89 90 91 83 84 
1 6 87 88 81 82 83 84 
1 6 87 88 89 90 83 84 
1 6 87 88 89 82 83 84 
1 6 87 88 106 107 108 109 
1 6 87 88 89 90 108 109 
1 6 87 88 89 107 108 109 
1 6 87 88 119 120 121 122 
1 6 87 88 89 90 121 122 
1 6 87 88 89 120 121 122 
1 5 87 88 89 121 122 
1 7 87 88 89 90 91 55 56 
1 6 87 88 53 54 55 56 
1 6 87 88 89 54 55 56 
1 6 87 88 89 90 55 56 
1 6 87 88 10 11 12 13 
1 6 87 88 89 11 12 13 
1 6 87 88 89 90 12 13 
1 5 87 88 89 12 13 
1 7 87 88 89 90 91 95 96 
1 6 87 88 93 94 95 96 
1 6 87 88 89 94 95 96 
1 6 87 88 89 90 95 96 
1 5 87 88 89 95 96 
1 6 87 88 37 38 39 40 
1 6 87 88 89 38 39 40 
1 6 87 88 89 90 39 40 
1 6 87 88 64 65 66 67 
1 6 87 88 89 65 66 67 
1 6 87 88 89 90 66 67 
1 5 87 88 89 66 67 
1 5 5 7 8 9 10 
1 5 5 6 7 9 10 
1 5 5 6 8 9 10 
1 5 5 6 7 8 10 
1 5 5 23 24 25 26 
1 5 5 6 7 25 26 
1 5 5 6 24 25 26 
1 5 5 6 7 8 26 
1 5 5 34 35 36 37 
1 5 5 6 7 36 37 
1 5 5 6 35 36 37 
1 5 5 6 7 8 37 
1 5 5 50 51 52 53 
1 5 5 6 7 52 53 
1 5 5 6 51 52 53 
1 5 5 6 7 8 53 
1 5 5 61 62 63 64 
1 5 5 6 7 63 64 
1 5 5 6 62 63 64 
1 5 5 6 7 8 64 
1 5 5 79 80 81 82 
1 5 5 6 7 81 82 
1 5 5 6 80 81 82 
1 5 5 6 7 8 82 
1 5 5 6 7 92 93 
1 5 5 90 91 92 93 
1 5 5 6 91 92 93 
1 5 5 6 7 8 93 
1 5 5 104 105 106 107 
1 5 5 6 7 106 107 
1 6 5 6 7 9 10 11 
1 6 5 6 8 9 10 11 
1 6 5 6 7 8 10 11 
1 6 5 6 7 25 26 27 
1 6 5 6 24 25 26 27 
1 6 5 6 7 8 26 27 
1 6 5 6 7 36 37 38 
1 6 5 6 35 36 37 38 
1 6 5 6 7 8 37 38 
1 6 5 6 7 52 53 54 
1 6 5 6 51 52 53 54 
1 6 5 6 7 8 53 54 
1 6 5 6 7 63 64 65 
1 6 5 6 62 63 64 65 
1 6 5 6 7 8 64 65 
1 6 5 6 7 81 82 83 
1 6 5 6 80 81 82 83 
1 6 5 6 7 8 82 83 
1 6 5 6 7 92 93 94 
1 6 5 6 91 92 93 94 
1 6 5 6 7 8 93 94 
1 6 5 6 7 106 107 108 
1 6 5 6 25 26 27 28 
1 6 5 6 7 26 27 28 
1 6 5 6 7 8 27 28 
1 5 5 6 7 27 28 
1 6 5 6 36 37 38 39 
1 6 5 6 7 37 38 39 
1 6 5 6 7 8 38 39 
1 6 5 6 63 64 65 66 
1 6 5 6 7 64 65 66 
1 6 5 6 7 8 65 66 
1 6 5 6 81 82 83 84 
1 6 5 6 7 82 83 84 
1 6 5 6 7 8 83 84 
1 5 5 6 7 83 84 
1 6 5 6 106 107 108 109 
1 6 5 6 7 107 108 109 
1 6 5 6 7 8 108 109 
1 6 5 6 119 120 121 122 
1 6 5 6 7 120 121 122 
1 6 5 6 7 8 121 122 
1 5 5 6 7 121 122 
1 6 5 6 7 54 55 56 
1 6 5 6 53 54 55 56 
1 6 5 6 7 8 55 56 
1 6 5 6 7 11 12 13 
1 6 5 6 10 11 12 13 
1 6 5 6 7 8 12 13 
1 5 5 6 7 12 13 
1 6 5 6 7 94 95 96 
1 6 5 6 93 94 95 96 
1 6 5 6 7 8 95 96 
1 6 5 6 7 38 39 40 
1 6 5 6 37 38 39 40 
1 6 5 6 7 8 39 40 
1 6 5 6 7 65 66 67 
1 6 5 6 64 65 66 67 
1 6 5 6 7 8 66 67 
1 6 5 6 7 108 109 110 
1 6 5 6 107 108 109 110 
1 6 5 6 7 8 109 110 
1 5 21 7 8 9 10 
1 5 21 22 23 9 10 
1 5 21 22 8 9 10 
1 5 21 22 23 24 10 
1 5 21 23 24 25 26 
1 5 21 22 23 25 26 
1 5 21 22 24 25 26 
1 5 21 22 23 24 26 
1 5 21 34 35 36 37 
1 5 21 22 23 36 37 
1 5 21 22 35 36 37 
1 5 21 22 23 24 37 
1 5 21 50 51 52 53 
1 5 21 22 23 52 53 
1 5 21 22 51 52 53 
1 5 21 22 23 24 53 
1 5 21 61 62 63 64 
1 5 21 22 23 63 64 
1 5 21 22 62 63 64 
1 5 21 22 23 24 64 
1 5 21 79 80 81 82 
1 5 21 22 23 81 82 
1 5 21 22 80 81 82 
1 5 21 22 23 24 82 
1 5 21 22 23 92 93 
1 5 21 90 91 92 93 
1 5 21 22 91 92 93 
1 5 21 22 23 24 93 
1 5 21 104 105 106 107 
1 5 21 22 23 106 107 
1 5 21 22 105 106 107 
1 5 21 22 23 24 107 
1 5 21 117 118 119 120 
1 5 21 22 23 119 120 
1 6 21 22 23 9 10 11 
1 6 21 22 8 9 10 11 
1 6 21 22 23 24 10 11 
1 6 21 22 23 25 26 27 
1 6 21 22 24 25 26 27 
1 6 21 22 23 24 26 27 
1 6 21 22 23 36 37 38 
1 6 21 22 35 36 37 38 
1 6 21 22 23 24 37 38 
1 6 21 22 23 52 53 54 
1 6 21 22 51 52 53 54 
1 6 21 22 23 24 53 54 
1 6 21 22 23 63 64 65 
1 6 21 22 62 63 64 65 
1 6 21 22 23 24 64 65 
1 6 21 22 23 81 82 83 
1 6 21 22 80 81 82 83 
1 6 21 22 23 24 82 83 
1 6 21 22 23 92 93 94 
1 6 21 22 91 92 93 94 
1 6 21 22 23 24 93 94 
1 6 21 22 23 106 107 108 
1 6 21 22 105 106 107 108 
1 6 21 22 23 24 107 108 
1 6 21 22 23 119 120 121 
1 6 21 22 36 37 38 39 
1 6 21 22 23 37 38 39 
1 6 21 22 23 24 38 39 
1 6 21 22 63 64 65 66 
1 6 21 22 23 64 65 66 
1 6 21 22 23 24 65 66 
1 6 21 22 81 82 83 84 
1 6 21 22 23 82 83 84 
1 6 21 22 23 24 83 84 
1 5 21 22 23 83 84 
1 6 21 22 106 107 108 109 
1 6 21 22 23 107 108 109 
1 6 21 22 23 24 108 109 
1 6 21 22 119 120 121 122 
1 6 21 22 23 120 121 122 
1 6 21 22 23 24 121 122 
1 6 21 22 23 54 55 56 
1 6 21 22 53 54 55 56 
1 6 21 22 23 24 55 56 
1 6 21 22 23 11 12 13 
1 6 21 22 10 11 12 13 
1 6 21 22 23 24 12 13 
1 5 21 22 23 12 13 
1 6 21 22 23 94 95 96 
1 6 21 22 93 94 95 96 
1 6 21 22 23 24 95 96 
1 6 21 22 23 38 39 40 
1 6 21 22 37 38 39 40 
1 6 21 22 23 24 39 40 
1 6 21 22 23 65 66 67 
1 6 21 22 64 65 66 67 
1 6 21 22 23 24 66 67 
1 6 21 22 23 108 109 110 
1 6 21 22 107 108 109 110 
1 6 21 22 23 24 109 110 
1 5 48 49 8 9 10 
1 5 48 49 50 51 10 
1 5 48 23 24 25 26 
1 5 48 49 50 25 26 
1 5 48 49 24 25 26 
1 5 48 49 50 51 26 
1 5 48 34 35 36 37 
1 5 48 49 50 36 37 
1 5 48 49 35 36 37 
1 5 48 49 50 51 37 
1 5 48 50 51 52 53 
1 5 48 49 50 52 53 
1 5 48 49 51 52 53 
1 5 48 49 50 51 53 
1 5 48 61 62 63 64 
1 5 48 49 50 63 64 
1 5 48 49 62 63 64 
1 5 48 49 50 51 64 
1 5 48 79 80 81 82 
1 5 48 49 50 81 82 
1 5 48 49 80 81 82 
1 5 48 49 50 51 82 
1 5 48 49 50 92 93 
1 5 48 90 91 92 93 
1 5 48 49 91 92 93 
1 5 48 49 50 51 93 
1 5 48 104 105 106 107 
1 5 48 49 50 106 107 
1 5 48 49 105 106 107 
1 5 48 49 50 51 107 
1 5 48 117 118 119 120 
1 5 48 49 50 119 120 
1 5 48 49 118 119 120 
1 5 48 49 50 51 120 
1 6 48 49 8 9 10 11 
1 6 48 49 50 51 10 11 
1 6 48 49 50 25 26 27 
1 6 48 49 24 25 26 27 
1 6 48 49 50 51 26 27 
1 6 48 49 50 36 37 38 
1 6 48 49 35 36 37 38 
1 6 48 49 50 51 37 38 
1 6 48 49 50 52 53 54 
1 6 48 49 51 52 53 54 
1 6 48 49 50 51 53 54 
1 6 48 49 50 63 64 65 
1 6 48 49 62 63 64 65 
1 6 48 49 50 51 64 65 
1 6 48 49 50 81 82 83 
1 6 48 49 80 81 82 83 
1 6 48 49 50 51 82 83 
1 6 48 49 50 92 93 94 
1 6 48 49 91 92 93 94 
1 6 48 49 50 51 93 94 
1 6 48 49 50 106 107 108 
1 6 48 49 105 106 107 108 
1 6 48 49 50 51 107 108 
1 6 48 49 50 119 120 121 
1 6 48 49 118 119 120 121 
1 6 48 49 50 51 120 121 
1 7 48 49 50 51 10 11 12 
1 7 48 49 50 51 26 27 28 
1 6 48 49 63 64 65 66 
1 6 48 49 50 64 65 66 
1 6 48 49 50 51 65 66 
1 6 48 49 81 82 83 84 
1 6 48 49 50 82 83 84 
1 6 48 49 50 51 83 84 
1 5 48 49 50 83 84 
1 6 48 49 106 107 108 109 
1 6 48 49 50 107 108 109 
1 6 48 49 50 51 108 109 
1 5 48 49 50 108 109 
1 6 48 49 119 120 121 122 
1 6 48 49 50 120 121 122 
1 6 48 49 50 51 121 122 
1 6 48 49 50 54 55 56 
1 6 48 49 53 54 55 56 
1 6 48 49 50 51 55 56 
1 6 48 49 50 11 12 13 
1 6 48 49 10 11 12 13 
1 6 48 49 50 51 12 13 
1 6 48 49 50 94 95 96 
1 6 48 49 93 94 95 96 
1 6 48 49 50 51 95 96 
1 5 48 49 50 95 96 
1 6 48 49 50 38 39 40 
1 6 48 49 37 38 39 40 
1 6 48 49 50 51 39 40 
1 5 48 49 50 39 40 
1 6 48 49 50 65 66 67 
1 6 48 49 64 65 66 67 
1 6 48 49 50 51 66 67 
1 6 48 49 50 108 109 110 
1 6 48 49 107 108 109 110 
1 6 48 49 50 51 109 110 
1 6 48 49 27 28 29 30 
1 6 48 49 50 28 29 30 
1 6 48 49 50 51 29 30 
1 5 48 49 50 29 30 
1 6 48 49 11 12 13 14 
1 6 48 49 50 12 13 14 
1 6 48 49 50 51 13 14 
1 5 48 49 50 13 14 
1 5 59 60 24 25 26 
1 5 59 60 61 62 26 
1 5 59 34 35 36 37 
1 5 59 60 61 36 37 
1 5 59 60 35 36 37 
1 5 59 60 61 62 37 
1 5 59 50 51 52 53 
1 5 59 60 61 52 53 
1 5 59 60 51 52 53 
1 5 59 60 61 62 53 
1 5 59 61 62 63 64 
1 5 59 60 61 63 64 
1 5 59 60 62 63 64 
1 5 59 60 61 62 64 
1 5 59 79 80 81 82 
1 5 59 60 61 81 82 
1 5 59 60 80 81 82 
1 5 59 60 61 62 82 
1 5 59 60 61 92 93 
1 5 59 90 91 92 93 
1 5 59 60 91 92 93 
1 5 59 60 61 62 93 
1 5 59 104 105 106 107 
1 5 59 60 61 106 107 
1 5 59 60 105 106 107 
1 5 59 60 61 62 107 
1 5 59 117 118 119 120 
1 5 59 60 61 119 120 
1 5 59 60 118 119 120 
1 5 59 60 61 62 120 
1 6 59 60 24 25 26 27 
1 6 59 60 61 62 26 27 
1 6 59 60 61 36 37 38 
1 6 59 60 35 36 37 38 
1 6 59 60 61 62 37 38 
1 6 59 60 61 52 53 54 
1 6 59 60 51 52 53 54 
1 6 59 60 61 62 53 54 
1 6 59 60 61 63 64 65 
1 6 59 60 62 63 64 65 
1 6 59 60 61 62 64 65 
1 6 59 60 61 81 82 83 
1 6 59 60 80 81 82 83 
1 6 59 60 61 62 82 83 
1 6 59 60 61 92 93 94 
1 6 59 60 91 92 93 94 
1 6 59 60 61 62 93 94 
1 6 59 60 61 106 107 108 
1 6 59 60 105 106 107 108 
1 6 59 60 61 62 107 108 
1 6 59 60 61 119 120 121 
1 6 59 60 118 119 120 121 
1 6 59 60 61 62 120 121 
1 7 59 60 61 62 26 27 28 
1 7 59 60 61 62 37 38 39 
1 6 59 60 81 82 83 84 
1 6 59 60 61 82 83 84 
1 6 59 60 61 62 83 84 
1 5 59 60 61 83 84 
1 6 59 60 106 107 108 109 
1 6 59 60 61 107 108 109 
1 6 59 60 61 62 108 109 
1 6 59 60 119 120 121 122 
1 6 59 60 61 120 121 122 
1 6 59 60 61 62 121 122 
1 5 59 60 61 121 122 
1 6 59 60 61 54 55 56 
1 6 59 60 53 54 55 56 
1 6 59 60 61 62 55 56 
1 6 59 60 61 11 12 13 
1 6 59 60 10 11 12 13 
1 6 59 60 61 62 12 13 
1 6 59 60 61 94 95 96 
1 6 59 60 93 94 95 96 
1 6 59 60 61 62 95 96 
1 6 59 60 61 38 39 40 
1 6 59 60 37 38 39 40 
1 6 59 60 61 62 39 40 
1 6 59 60 61 65 66 67 
1 6 59 60 64 65 66 67 
1 6 59 60 61 62 66 67 
1 5 59 60 61 66 67 
1 6 59 60 61 108 109 110 
1 6 59 60 107 108 109 110 
1 6 59 60 61 62 109 110 
1 6 59 60 27 28 29 30 
1 6 59 60 61 28 29 30 
1 6 59 60 61 62 29 30 
1 6 59 60 11 12 13 14 
1 6 59 60 61 12 13 14 
1 6 59 60 61 62 13 14 
1 5 59 60 61 13 14 
1 5 77 78 35 36 37 
1 5 77 78 79 80 37 
1 5 77 50 51 52 53 
1 5 77 78 79 52 53 
1 5 77 78 51 52 53 
1 5 77 78 79 80 53 
1 5 77 61 62 63 64 
1 5 77 78 79 63 64 
1 5 77 78 62 63 64 
1 5 77 78 79 80 64 
1 5 77 79 80 81 82 
1 5 77 78 79 81 82 
1 5 77 78 80 81 82 
1 5 77 78 79 80 82 
1 5 77 78 79 92 93 
1 5 77 90 91 92 93 
1 5 77 78 91 92 93 
1 5 77 78 79 80 93 
1 5 77 104 105 106 107 
1 5 77 78 79 106 107 
1 5 77 78 105 106 107 
1 5 77 78 79 80 107 
1 5 77 117 118 119 120 
1 5 77 78 79 119 120 
1 5 77 78 118 119 120 
1 5 77 78 79 80 120 
1 6 77 78 35 36 37 38 
1 6 77 78 79 80 37 38 
1 6 77 78 79 52 53 54 
1 6 77 78 51 52 53 54 
1 6 77 78 79 80 53 54 
1 6 77 78 79 63 64 65 
1 6 77 78 62 63 64 65 
1 6 77 78 79 80 64 65 
1 6 77 78 79 81 82 83 
1 6 77 78 80 81 82 83 
1 6 77 78 79 80 82 83 
1 6 77 78 79 92 93 94 
1 6 77 78 91 92 93 94 
1 6 77 78 79 80 93 94 
1 6 77 78 79 106 107 108 
1 6 77 78 105 106 107 108 
1 6 77 78 79 80 107 108 
1 6 77 78 79 119 120 121 
1 6 77 78 118 119 120 121 
1 6 77 78 79 80 120 121 
1 7 77 78 79 80 37 38 39 
1 6 77 78 106 107 108 109 
1 6 77 78 79 107 108 109 
1 6 77 78 79 80 108 109 
1 6 77 78 119 120 121 122 
1 6 77 78 79 120 121 122 
1 6 77 78 79 80 121 122 
1 6 77 78 79 54 55 56 
1 6 77 78 53 54 55 56 
1 6 77 78 79 80 55 56 
1 5 77 78 79 55 56 
1 6 77 78 79 11 12 13 
1 6 77 78 10 11 12 13 
1 6 77 78 79 80 12 13 
1 7 77 78 79 93 94 95 96 
1 7 77 78 79 80 94 95 96 
1 6 77 78 79 80 95 96 
1 6 77 78 79 38 39 40 
1 6 77 78 37 38 39 40 
1 6 77 78 79 80 39 40 
1 5 77 78 79 39 40 
1 6 77 78 79 65 66 67 
1 6 77 78 64 65 66 67 
1 6 77 78 79 80 66 67 
1 6 77 78 79 108 109 110 
1 6 77 78 107 108 109 110 
1 6 77 78 79 80 109 110 
1 5 77 78 79 109 110 
1 6 77 78 27 28 29 30 
1 6 77 78 79 28 29 30 
1 6 77 78 79 80 29 30 
1 5 77 78 79 29 30 
1 6 77 78 11 12 13 14 
1 6 77 78 79 12 13 14 
1 6 77 78 79 80 13 14 
1 5 77 78 79 13 14 
1 6 77 78 83 84 85 86 
1 6 77 78 79 84 85 86 
1 6 77 78 79 80 85 86 
1 6 77 78 38 39 40 41 
1 6 77 78 79 39 40 41 
1 6 77 78 79 80 40 41 
1 5 77 78 79 40 41 
1 5 88 89 90 91 37 
1 5 88 89 51 52 53 
1 5 88 89 90 91 53 
1 5 88 61 62 63 64 
1 5 88 89 90 63 64 
1 5 88 89 62 63 64 
1 5 88 89 90 91 64 
1 5 88 79 80 81 82 
1 5 88 89 90 81 82 
1 5 88 89 80 81 82 
1 5 88 89 90 91 82 
1 5 88 90 91 92 93 
1 5 88 89 91 92 93 
1 5 88 89 90 91 93 
1 5 88 104 105 106 107 
1 5 88 89 90 106 107 
1 5 88 89 105 106 107 
1 5 88 89 90 91 107 
1 5 88 117 118 119 120 
1 5 88 89 90 119 120 
1 5 88 89 118 119 120 
1 5 88 89 90 91 120 
1 6 88 89 90 91 10 11 
1 5 88 8 9 10 11 
1 5 88 89 9 10 11 
1 5 88 89 90 10 11 
1 6 88 89 90 91 26 27 
1 6 88 89 90 91 37 38 
1 6 88 89 51 52 53 54 
1 6 88 89 90 91 53 54 
1 6 88 89 90 63 64 65 
1 6 88 89 62 63 64 65 
1 6 88 89 90 91 64 65 
1 6 88 89 90 81 82 83 
1 6 88 89 80 81 82 83 
1 6 88 89 90 91 82 83 
1 6 88 89 91 92 93 94 
1 6 88 89 90 91 93 94 
1 6 88 89 90 106 107 108 
1 6 88 89 105 106 107 108 
1 6 88 89 90 91 107 108 
1 6 88 89 90 119 120 121 
1 6 88 89 118 119 120 121 
1 6 88 89 90 91 120 121 
1 7 88 89 90 91 10 11 12 
1 6 88 89 9 10 11 12 
1 7 88 89 90 91 26 27 28 
1 7 88 89 90 91 37 38 39 
1 7 88 89 90 91 64 65 66 
1 6 88 89 106 107 108 109 
1 6 88 89 90 107 108 109 
1 6 88 89 90 91 108 109 
1 6 88 89 119 120 121 122 
1 6 88 89 90 120 121 122 
1 6 88 89 90 91 121 122 
1 5 88 89 90 121 122 
1 7 88 89 90 91 54 55 56 
1 6 88 89 90 54 55 56 
1 6 88 89 53 54 55 56 
1 6 88 89 90 91 55 56 
1 5 88 89 90 55 56 
1 7 88 89 90 91 11 12 13 
1 6 88 89 10 11 12 13 
1 6 88 89 90 91 12 13 
1 7 88 89 90 93 94 95 96 
1 7 88 89 90 91 94 95 96 
1 7 88 89 90 91 38 39 40 
1 6 88 89 37 38 39 40 
1 7 88 89 90 91 65 66 67 
1 6 88 89 64 65 66 67 
1 5 88 89 90 66 67 
1 6 88 89 90 108 109 110 
1 6 88 89 107 108 109 110 
1 6 88 89 90 91 109 110 
1 5 88 89 90 109 110 
1 6 88 89 27 28 29 30 
1 6 88 89 90 28 29 30 
1 6 88 89 90 91 29 30 
1 6 88 89 11 12 13 14 
1 6 88 89 90 12 13 14 
1 6 88 89 90 91 13 14 
1 7 88 89 90 91 84 85 86 
1 6 88 89 83 84 85 86 
1 6 88 89 38 39 40 41 
1 6 88 89 90 39 40 41 
1 6 88 89 90 91 40 41 
1 6 88 89 65 66 67 68 
1 6 88 89 90 66 67 68 
1 6 88 89 90 91 67 68 
1 5 88 89 90 67 68 
1 5 102 103 62 63 64 
1 5 102 103 104 105 64 
1 5 102 79 80 81 82 
1 5 102 103 104 81 82 
1 5 102 103 80 81 82 
1 5 102 103 104 105 82 
1 5 102 90 91 92 93 
1 5 102 103 91 92 93 
1 5 102 103 104 105 93 
1 5 102 104 105 106 107 
1 5 102 103 104 106 107 
1 5 102 103 105 106 107 
1 5 102 103 104 105 107 
1 5 102 117 118 119 120 
1 5 102 103 104 119 120 
1 5 102 103 118 119 120 
1 5 102 103 104 105 120 
1 5 102 8 9 10 11 
1 5 102 103 9 10 11 
1 5 102 103 104 10 11 
1 5 102 103 104 105 11 
1 5 102 24 25 26 27 
1 5 102 103 25 26 27 
1 5 102 103 104 26 27 
1 5 102 103 104 105 27 
1 6 102 103 62 63 64 65 
1 6 102 103 104 105 64 65 
1 6 102 103 104 81 82 83 
1 6 102 103 80 81 82 83 
1 6 102 103 104 105 82 83 
1 6 102 103 91 92 93 94 
1 6 102 103 104 105 93 94 
1 6 102 103 104 106 107 108 
1 6 102 103 105 106 107 108 
1 6 102 103 104 105 107 108 
1 6 102 103 104 119 120 121 
1 6 102 103 118 119 120 121 
1 6 102 103 104 105 120 121 
1 6 102 103 9 10 11 12 
1 6 102 103 104 10 11 12 
1 6 102 103 104 105 11 12 
1 6 102 103 25 26 27 28 
1 6 102 103 104 26 27 28 
1 6 102 103 104 105 27 28 
1 7 102 103 104 105 64 65 66 
1 7 102 103 104 105 82 83 84 
1 7 102 103 104 53 54 55 56 
1 7 102 103 104 105 54 55 56 
1 6 102 103 104 11 12 13 
1 6 102 103 10 11 12 13 
1 6 102 103 104 105 12 13 
1 7 102 103 104 93 94 95 96 
1 7 102 103 104 105 94 95 96 
1 6 102 103 104 105 95 96 
1 6 102 103 104 38 39 40 
1 6 102 103 37 38 39 40 
1 6 102 103 104 105 39 40 
1 6 102 103 104 65 66 67 
1 6 102 103 64 65 66 67 
1 6 102 103 104 105 66 67 
1 5 102 103 104 66 67 
1 6 102 103 104 108 109 110 
1 6 102 103 107 108 109 110 
1 6 102 103 104 105 109 110 
1 5 102 103 104 109 110 
1 6 102 103 27 28 29 30 
1 6 102 103 104 28 29 30 
1 6 102 103 104 105 29 30 
1 6 102 103 11 12 13 14 
1 6 102 103 104 12 13 14 
1 6 102 103 104 105 13 14 
1 5 102 103 104 13 14 
1 6 102 103 83 84 85 86 
1 6 102 103 104 84 85 86 
1 6 102 103 104 105 85 86 
1 5 102 103 104 85 86 
1 6 102 103 38 39 40 41 
1 6 102 103 104 39 40 41 
1 6 102 103 104 105 40 41 
1 5 102 103 104 40 41 
1 6 102 103 65 66 67 68 
1 6 102 103 104 66 67 68 
1 6 102 103 104 105 67 68 
1 6 102 103 121 122 123 124 
1 6 102 103 104 122 123 124 
1 6 102 103 104 105 123 124 
1 5 102 103 104 123 124 
1 5 115 116 80 81 82 
1 5 115 116 117 118 82 
1 5 115 90 91 92 93 
1 5 115 116 91 92 93 
1 5 115 116 117 118 93 
1 4 115 116 92 93 
1 5 115 104 105 106 107 
1 5 115 116 117 106 107 
1 5 115 116 105 106 107 
1 5 115 116 117 118 107 
1 5 115 117 118 119 120 
1 5 115 116 117 119 120 
1 5 115 116 118 119 120 
1 5 115 116 117 118 120 
1 5 115 8 9 10 11 
1 5 115 116 9 10 11 
1 5 115 116 117 10 11 
1 5 115 116 117 118 11 
1 5 115 24 25 26 27 
1 5 115 116 25 26 27 
1 5 115 116 117 26 27 
1 5 115 116 117 118 27 
1 5 115 35 36 37 38 
1 5 115 116 36 37 38 
1 5 115 116 117 37 38 
1 5 115 116 117 118 38 
1 6 115 116 80 81 82 83 
1 6 115 116 117 118 82 83 
1 6 115 116 91 92 93 94 
1 6 115 116 117 118 93 94 
1 6 115 116 117 106 107 108 
1 6 115 116 105 106 107 108 
1 6 115 116 117 118 107 108 
1 6 115 116 117 119 120 121 
1 6 115 116 118 119 120 121 
1 6 115 116 117 118 120 121 
1 6 115 116 9 10 11 12 
1 6 115 116 117 10 11 12 
1 6 115 116 117 118 11 12 
1 6 115 116 25 26 27 28 
1 6 115 116 117 26 27 28 
1 6 115 116 117 118 27 28 
1 6 115 116 36 37 38 39 
1 6 115 116 117 37 38 39 
1 6 115 116 117 118 38 39 
1 7 115 116 117 118 82 83 84 
1 7 115 116 117 53 54 55 56 
1 7 115 116 117 118 54 55 56 
1 6 115 116 117 118 55 56 
1 6 115 116 117 11 12 13 
1 6 115 116 10 11 12 13 
1 6 115 116 117 118 12 13 
1 7 115 116 117 93 94 95 96 
1 7 115 116 117 118 94 95 96 
1 6 115 116 117 38 39 40 
1 6 115 116 37 38 39 40 
1 6 115 116 117 118 39 40 
1 6 115 116 117 65 66 67 
1 6 115 116 64 65 66 67 
1 6 115 116 117 118 66 67 
1 5 115 116 117 66 67 
1 6 115 116 117 108 109 110 
1 6 115 116 107 108 109 110 
1 6 115 116 117 118 109 110 
1 5 115 116 117 109 110 
1 6 115 116 27 28 29 30 
1 6 115 116 117 28 29 30 
1 6 115 116 117 118 29 30 
1 6 115 116 11 12 13 14 
1 6 115 116 117 12 13 14 
1 6 115 116 117 118 13 14 
1 5 115 116 117 13 14 
1 6 115 116 83 84 85 86 
1 6 115 116 117 84 85 86 
1 6 115 116 117 118 85 86 
1 5 115 116 117 85 86 
1 6 115 116 38 39 40 41 
1 6 115 116 117 39 40 41 
1 6 115 116 117 118 40 41 
1 5 115 116 117 40 41 
1 6 115 116 65 66 67 68 
1 6 115 116 117 66 67 68 
1 6 115 116 117 118 67 68 
1 6 115 116 121 122 123 124 
1 6 115 116 117 122 123 124 
1 6 115 116 117 118 123 124 
1 5 115 116 117 123 124 
1 5 6 7 9 10 11 
1 5 6 7 8 9 11 
1 5 6 8 9 10 11 
1 5 6 7 8 10 11 
1 5 6 7 25 26 27 
1 5 6 7 8 9 27 
1 5 6 24 25 26 27 
1 5 6 7 8 26 27 
1 5 6 7 36 37 38 
1 5 6 7 8 9 38 
1 5 6 35 36 37 38 
1 5 6 7 8 37 38 
1 5 6 7 52 53 54 
1 5 6 7 8 9 54 
1 5 6 51 52 53 54 
1 5 6 7 8 53 54 
1 5 6 7 63 64 65 
1 5 6 7 8 9 65 
1 5 6 62 63 64 65 
1 5 6 7 8 64 65 
1 5 6 7 81 82 83 
1 5 6 7 8 9 83 
1 5 6 80 81 82 83 
1 5 6 7 8 82 83 
1 5 6 7 92 93 94 
1 5 6 7 8 9 94 
1 5 6 91 92 93 94 
1 5 6 7 8 93 94 
1 5 6 7 106 107 108 
1 5 6 7 8 9 108 
1 6 6 7 9 10 11 12 
1 6 6 7 8 9 11 12 
1 6 6 7 8 10 11 12 
1 6 6 7 25 26 27 28 
1 6 6 7 8 9 27 28 
1 6 6 7 8 26 27 28 
1 6 6 7 36 37 38 39 
1 6 6 7 8 9 38 39 
1 6 6 7 8 37 38 39 
1 6 6 7 63 64 65 66 
1 6 6 7 8 9 65 66 
1 6 6 7 8 64 65 66 
1 6 6 7 81 82 83 84 
1 6 6 7 8 9 83 84 
1 6 6 7 8 82 83 84 
1 6 6 7 106 107 108 109 
1 6 6 7 8 9 108 109 
1 5 22 23 9 10 11 
1 5 22 23 24 25 11 
1 5 22 8 9 10 11 
1 5 22 23 24 10 11 
1 5 22 23 25 26 27 
1 5 22 23 24 25 27 
1 5 22 24 25 26 27 
1 5 22 23 24 26 27 
1 5 22 23 36 37 38 
1 5 22 23 24 25 38 
1 5 22 35 36 37 38 
1 5 22 23 24 37 38 
1 5 22 23 52 53 54 
1 5 22 23 24 25 54 
1 5 22 51 52 53 54 
1 5 22 23 24 53 54 
1 5 22 23 63 64 65 
1 5 22 23 24 25 65 
1 5 22 62 63 64 65 
1 5 22 23 24 64 65 
1 5 22 23 81 82 83 
1 5 22 23 24 25 83 
1 5 22 80 81 82 83 
1 5 22 23 24 82 83 
1 5 22 23 92 93 94 
1 5 22 23 24 25 94 
1 5 22 91 92 93 94 
1 5 22 23 24 93 94 
1 5 22 23 106 107 108 
1 5 22 23 24 25 108 
1 5 22 105 106 107 108 
1 5 22 23 24 107 108 
1 5 22 23 119 120 121 
1 5 22 23 24 25 121 
1 6 22 23 9 10 11 12 
1 6 22 23 24 25 11 12 
1 6 22 23 24 10 11 12 
1 6 22 23 25 26 27 28 
1 6 22 23 24 25 27 28 
1 6 22 23 24 26 27 28 
1 6 22 23 36 37 38 39 
1 6 22 23 24 25 38 39 
1 6 22 23 24 37 38 39 
1 6 22 23 63 64 65 66 
1 6 22 23 24 25 65 66 
1 6 22 23 24 64 65 66 
1 6 22 23 81 82 83 84 
1 6 22 23 24 25 83 84 
1 6 22 23 24 82 83 84 
1 6 22 23 106 107 108 109 
1 6 22 23 24 25 108 109 
1 6 22 23 24 107 108 109 
1 6 22 23 119 120 121 122 
1 6 22 23 24 25 121 122 
1 5 33 34 9 10 11 
1 5 33 34 35 36 11 
1 5 33 8 9 10 11 
1 5 33 34 35 10 11 
1 5 33 34 25 26 27 
1 5 33 34 35 36 27 
1 5 33 24 25 26 27 
1 5 33 34 35 26 27 
1 5 33 34 36 37 38 
1 5 33 34 35 36 38 
1 5 33 35 36 37 38 
1 5 33 34 35 37 38 
1 5 33 34 52 53 54 
1 5 33 34 35 36 54 
1 5 33 51 52 53 54 
1 5 33 34 35 53 54 
1 5 33 34 63 64 65 
1 5 33 34 35 36 65 
1 5 33 62 63 64 65 
1 5 33 34 35 64 65 
1 5 33 34 81 82 83 
1 5 33 34 35 36 83 
1 5 33 80 81 82 83 
1 5 33 34 35 82 83 
1 5 33 34 92 93 94 
1 5 33 34 35 36 94 
1 5 33 91 92 93 94 
1 5 33 34 35 93 94 
1 5 33 34 106 107 108 
1 5 33 34 35 36 108 
1 5 33 105 106 107 108 
1 5 33 34 35 107 108 
1 5 33 34 119 120 121 
1 5 33 34 35 36 121 
1 5 33 118 119 120 121 
1 5 33 34 35 120 121 
1 6 33 34 9 10 11 12 
1 6 33 34 35 36 11 12 
1 6 33 34 35 10 11 12 
1 6 33 34 25 26 27 28 
1 6 33 34 35 36 27 28 
1 6 33 34 35 26 27 28 
1 6 33 34 36 37 38 39 
1 6 33 34 35 36 38 39 
1 6 33 34 35 37 38 39 
1 6 33 34 63 64 65 66 
1 6 33 34 35 36 65 66 
1 6 33 34 35 64 65 66 
1 6 33 34 81 82 83 84 
1 6 33 34 35 36 83 84 
1 6 33 34 35 82 83 84 
1 6 33 34 106 107 108 109 
1 6 33 34 35 36 108 109 
1 6 33 34 35 107 108 109 
1 6 33 34 119 120 121 122 
1 6 33 34 35 36 121 122 
1 6 33 34 35 120 121 122 
1 5 49 8 9 10 11 
1 5 49 50 51 10 11 
1 5 49 50 25 26 27 
1 5 49 50 51 52 27 
1 5 49 24 25 26 27 
1 5 49 50 51 26 27 
1 5 49 50 36 37 38 
1 5 49 50 51 52 38 
1 5 49 35 36 37 38 
1 5 49 50 51 37 38 
1 5 49 50 52 53 54 
1 5 49 50 51 52 54 
1 5 49 51 52 53 54 
1 5 49 50 51 53 54 
1 5 49 50 63 64 65 
1 5 49 50 51 52 65 
1 5 49 62 63 64 65 
1 5 49 50 51 64 65 
1 5 49 50 81 82 83 
1 5 49 50 51 52 83 
1 5 49 80 81 82 83 
1 5 49 50 51 82 83 
1 5 49 50 92 93 94 
1 5 49 50 51 52 94 
1 5 49 91 92 93 94 
1 5 49 50 51 93 94 
1 5 49 50 106 107 108 
1 5 49 50 51 52 108 
1 5 49 105 106 107 108 
1 5 49 50 51 107 108 
1 5 49 50 119 120 121 
1 5 49 50 51 52 121 
1 5 49 118 119 120 121 
1 5 49 50 51 120 121 
1 6 49 50 51 10 11 12 
1 6 49 50 25 26 27 28 
1 6 49 50 51 52 27 28 
1 6 49 50 51 26 27 28 
1 6 49 50 36 37 38 39 
1 6 49 50 51 52 38 39 
1 6 49 50 51 37 38 39 
1 6 49 50 63 64 65 66 
1 6 49 50 51 52 65 66 
1 6 49 50 51 64 65 66 
1 6 49 50 81 82 83 84 
1 6 49 50 51 52 83 84 
1 6 49 50 51 82 83 84 
1 6 49 50 106 107 108 109 
1 6 49 50 51 52 108 109 
1 6 49 50 51 107 108 109 
1 6 49 50 119 120 121 122 
1 6 49 50 51 52 121 122 
1 6 49 50 51 120 121 122 
1 7 49 50 51 52 54 55 56 
1 7 49 50 51 53 54 55 56 
1 5 60 24 25 26 27 
1 5 60 61 62 26 27 
1 5 60 61 36 37 38 
1 5 60 61 62 63 38 
1 5 60 35 36 37 38 
1 5 60 61 62 37 38 
1 5 60 61 52 53 54 
1 5 60 61 62 63 54 
1 5 60 51 52 53 54 
1 5 60 61 62 53 54 
1 5 60 61 63 64 65 
1 5 60 61 62 63 65 
1 5 60 62 63 64 65 
1 5 60 61 62 64 65 
1 5 60 61 81 82 83 
1 5 60 61 62 63 83 
1 5 60 80 81 82 83 
1 5 60 61 62 82 83 
1 5 60 61 92 93 94 
1 5 60 61 62 63 94 
1 5 60 91 92 93 94 
1 5 60 61 62 93 94 
1 5 60 61 106 107 108 
1 5 60 61 62 63 108 
1 5 60 105 106 107 108 
1 5 60 61 62 107 108 
1 5 60 61 119 120 121 
1 5 60 61 62 63 121 
1 5 60 118 119 120 121 
1 5 60 61 62 120 121 
1 6 60 61 62 26 27 28 
1 6 60 61 36 37 38 39 
1 6 60 61 62 63 38 39 
1 6 60 61 62 37 38 39 
1 6 60 61 63 64 65 66 
1 6 60 61 62 63 65 66 
1 6 60 61 62 64 65 66 
1 6 60 61 81 82 83 84 
1 6 60 61 62 63 83 84 
1 6 60 61 62 82 83 84 
1 6 60 61 106 107 108 109 
1 6 60 61 62 63 108 109 
1 6 60 61 62 107 108 109 
1 6 60 61 119 120 121 122 
1 6 60 61 62 63 121 122 
1 6 60 61 62 120 121 122 
1 7 60 61 62 63 54 55 56 
1 7 60 61 62 53 54 55 56 
1 5 78 35 36 37 38 
1 5 78 79 80 37 38 
1 5 78 79 52 53 54 
1 5 78 79 80 81 54 
1 5 78 51 52 53 54 
1 5 78 79 80 53 54 
1 5 78 79 63 64 65 
1 5 78 79 80 81 65 
1 5 78 62 63 64 65 
1 5 78 79 80 64 65 
1 5 78 79 81 82 83 
1 5 78 79 80 81 83 
1 5 78 80 81 82 83 
1 5 78 79 80 82 83 
1 5 78 79 92 93 94 
1 5 78 79 80 81 94 
1 5 78 91 92 93 94 
1 5 78 79 80 93 94 
1 5 78 79 106 107 108 
1 5 78 79 80 81 108 
1 5 78 105 106 107 108 
1 5 78 79 80 107 108 
1 5 78 79 119 120 121 
1 5 78 79 80 81 121 
1 5 78 118 119 120 121 
1 5 78 79 80 120 121 
1 6 78 79 80 37 38 39 
1 6 78 79 63 64 65 66 
1 6 78 79 80 81 65 66 
1 6 78 79 80 64 65 66 
1 6 78 79 81 82 83 84 
1 6 78 79 80 81 83 84 
1 6 78 79 80 82 83 84 
1 6 78 79 106 107 108 109 
1 6 78 79 80 81 108 109 
1 6 78 79 80 107 108 109 
1 6 78 79 119 120 121 122 
1 6 78 79 80 81 121 122 
1 6 78 79 80 120 121 122 
1 7 78 79 80 81 54 55 56 
1 7 78 79 80 53 54 55 56 
1 5 89 90 91 26 27 
1 5 89 90 91 37 38 
1 5 89 51 52 53 54 
1 5 89 90 91 53 54 
1 5 89 90 63 64 65 
1 5 89 90 91 92 65 
1 5 89 62 63 64 65 
1 5 89 90 91 64 65 
1 5 89 90 81 82 83 
1 5 89 90 91 92 83 
1 5 89 80 81 82 83 
1 5 89 90 91 82 83 
1 5 89 90 91 92 94 
1 5 89 91 92 93 94 
1 5 89 90 91 93 94 
1 5 89 90 106 107 108 
1 5 89 90 91 92 108 
1 5 89 105 106 107 108 
1 5 89 90 91 107 108 
1 5 89 90 119 120 121 
1 5 89 90 91 92 121 
1 5 89 118 119 120 121 
1 5 89 90 91 120 121 
1 6 89 90 91 10 11 12 
1 5 89 9 10 11 12 
1 5 89 90 10 11 12 
1 5 89 90 91 92 12 
1 6 89 90 91 26 27 28 
1 6 89 90 91 37 38 39 
1 6 89 90 63 64 65 66 
1 6 89 90 91 92 65 66 
1 6 89 90 91 64 65 66 
1 6 89 90 81 82 83 84 
1 6 89 90 91 92 83 84 
1 6 89 90 91 82 83 84 
1 6 89 90 106 107 108 109 
1 6 89 90 91 92 108 109 
1 6 89 90 91 107 108 109 
1 6 89 90 119 120 121 122 
1 6 89 90 91 92 121 122 
1 6 89 90 91 120 121 122 
1 7 89 90 91 53 54 55 56 
1 7 89 90 91 10 11 12 13 
1 6 89 90 91 92 12 13 
1 7 89 90 91 92 94 95 96 
1 7 89 90 91 93 94 95 96 
1 7 89 90 91 37 38 39 40 
1 7 89 90 91 64 65 66 67 
1 5 103 62 63 64 65 
1 5 103 104 105 64 65 
1 5 103 104 81 82 83 
1 5 103 104 105 106 83 
1 5 103 80 81 82 83 
1 5 103 104 105 82 83 
1 5 103 104 105 106 94 
1 5 103 91 92 93 94 
1 5 103 104 105 93 94 
1 5 103 104 106 107 108 
1 5 103 104 105 106 108 
1 5 103 105 106 107 108 
1 5 103 104 105 107 108 
1 5 103 104 119 120 121 
1 5 103 104 105 106 121 
1 5 103 118 119 120 121 
1 5 103 104 105 120 121 
1 5 103 9 10 11 12 
1 5 103 104 10 11 12 
1 5 103 104 105 11 12 
1 5 103 104 105 106 12 
1 5 103 25 26 27 28 
1 5 103 104 26 27 28 
1 5 103 104 105 27 28 
1 5 103 104 105 106 28 
1 6 103 104 105 64 65 66 
1 6 103 104 81 82 83 84 
1 6 103 104 105 106 83 84 
1 6 103 104 105 82 83 84 
1 6 103 104 106 107 108 109 
1 6 103 104 105 106 108 109 
1 6 103 104 105 107 108 109 
1 6 103 104 119 120 121 122 
1 6 103 104 105 106 121 122 
1 6 103 104 105 120 121 122 
1 6 103 104 10 11 12 13 
1 6 103 104 105 11 12 13 
1 6 103 104 105 106 12 13 
1 7 103 104 105 106 94 95 96 
1 7 103 104 105 93 94 95 96 
1 7 103 104 105 64 65 66 67 
1 5 116 80 81 82 83 
1 5 116 117 118 82 83 
1 5 116 117 118 119 94 
1 5 116 91 92 93 94 
1 5 116 117 118 93 94 
1 5 116 117 106 107 108 
1 5 116 117 118 119 108 
1 5 116 105 106 107 108 
1 5 116 117 118 107 108 
1 5 116 117 119 120 121 
1 5 116 117 118 119 121 
1 5 116 118 119 120 121 
1 5 116 117 118 120 121 
1 5 116 9 10 11 12 
1 5 116 117 10 11 12 
1 5 116 117 118 11 12 
1 5 116 117 118 119 12 
1 5 116 25 26 27 28 
1 5 116 117 26 27 28 
1 5 116 117 118 27 28 
1 5 116 117 118 119 28 
1 5 116 36 37 38 39 
1 5 116 117 37 38 39 
1 5 116 117 118 38 39 
1 5 116 117 118 119 39 
1 6 116 117 118 82 83 84 
1 6 116 117 106 107 108 109 
1 6 116 117 118 119 108 109 
1 6 116 117 118 107 108 109 
1 6 116 117 119 120 121 122 
1 6 116 117 118 119 121 122 
1 6 116 117 118 120 121 122 
1 6 116 117 10 11 12 13 
1 6 116 117 118 11 12 13 
1 6 116 117 118 119 12 13 
1 7 116 117 118 119 94 95 96 
1 7 116 117 118 93 94 95 96 
1 6 116 117 37 38 39 40 
1 6 116 117 118 38 39 40 
1 6 116 117 118 119 39 40 
1 4 7 106 107 108 
1 4 7 8 9 108 
1 5 7 9 10 11 12 
1 5 7 8 9 11 12 
1 5 7 8 10 11 12 
1 5 7 8 9 10 12 
1 5 7 25 26 27 28 
1 5 7 8 9 27 28 
1 5 7 8 26 27 28 
1 5 7 8 9 10 28 
1 5 7 36 37 38 39 
1 5 7 8 9 38 39 
1 5 7 8 37 38 39 
1 5 7 8 9 10 39 
1 5 7 63 64 65 66 
1 5 7 8 9 65 66 
1 5 7 8 64 65 66 
1 5 7 8 9 10 66 
1 5 7 81 82 83 84 
1 5 7 8 9 83 84 
1 5 7 8 82 83 84 
1 5 7 8 9 10 84 
1 5 7 106 107 108 109 
1 5 7 8 9 108 109 
1 6 7 8 9 54 55 56 
1 6 7 8 53 54 55 56 
1 6 7 8 9 10 55 56 
1 6 7 8 9 11 12 13 
1 6 7 8 10 11 12 13 
1 6 7 8 9 10 12 13 
1 6 7 8 9 94 95 96 
1 6 7 8 93 94 95 96 
1 6 7 8 9 38 39 40 
1 6 7 8 37 38 39 40 
1 6 7 8 9 10 39 40 
1 6 7 8 9 65 66 67 
1 6 7 8 64 65 66 67 
1 6 7 8 9 10 66 67 
1 6 7 8 9 108 109 110 
1 4 23 119 120 121 
1 4 23 24 25 121 
1 5 23 9 10 11 12 
1 5 23 24 25 11 12 
1 5 23 24 10 11 12 
1 5 23 24 25 26 12 
1 5 23 25 26 27 28 
1 5 23 24 25 27 28 
1 5 23 24 26 27 28 
1 5 23 24 25 26 28 
1 5 23 36 37 38 39 
1 5 23 24 25 38 39 
1 5 23 24 37 38 39 
1 5 23 24 25 26 39 
1 5 23 63 64 65 66 
1 5 23 24 25 65 66 
1 5 23 24 64 65 66 
1 5 23 24 25 26 66 
1 5 23 81 82 83 84 
1 5 23 24 25 83 84 
1 5 23 24 82 83 84 
1 5 23 24 25 26 84 
1 5 23 106 107 108 109 
1 5 23 24 25 108 109 
1 5 23 24 107 108 109 
1 5 23 119 120 121 122 
1 5 23 24 25 121 122 
1 6 23 24 25 54 55 56 
1 6 23 24 53 54 55 56 
1 6 23 24 25 26 55 56 
1 6 23 24 25 11 12 13 
1 6 23 24 10 11 12 13 
1 6 23 24 25 26 12 13 
1 6 23 24 25 94 95 96 
1 6 23 24 93 94 95 96 
1 6 23 24 25 26 95 96 
1 6 23 24 25 38 39 40 
1 6 23 24 37 38 39 40 
1 6 23 24 25 26 39 40 
1 6 23 24 25 65 66 67 
1 6 23 24 64 65 66 67 
1 6 23 24 25 26 66 67 
1 6 23 24 25 108 109 110 
1 6 23 24 107 108 109 110 
1 5 34 9 10 11 12 
1 5 34 35 36 11 12 
1 5 34 35 10 11 12 
1 5 34 35 36 37 12 
1 5 34 25 26 27 28 
1 5 34 35 36 27 28 
1 5 34 35 26 27 28 
1 5 34 35 36 37 28 
1 5 34 36 37 38 39 
1 5 34 35 36 38 39 
1 5 34 35 37 38 39 
1 5 34 35 36 37 39 
1 5 34 63 64 65 66 
1 5 34 35 36 65 66 
1 5 34 35 64 65 66 
1 5 34 35 36 37 66 
1 5 34 81 82 83 84 
1 5 34 35 36 83 84 
1 5 34 35 82 83 84 
1 5 34 35 36 37 84 
1 5 34 106 107 108 109 
1 5 34 35 36 108 109 
1 5 34 35 107 108 109 
1 5 34 35 36 37 109 
1 5 34 119 120 121 122 
1 5 34 35 36 121 122 
1 5 34 35 120 121 122 
1 6 34 35 36 54 55 56 
1 6 34 35 53 54 55 56 
1 6 34 35 36 37 55 56 
1 6 34 35 36 11 12 13 
1 6 34 35 10 11 12 13 
1 6 34 35 36 37 12 13 
1 6 34 35 36 94 95 96 
1 6 34 35 93 94 95 96 
1 6 34 35 36 37 95 96 
1 6 34 35 36 38 39 40 
1 6 34 35 37 38 39 40 
1 6 34 35 36 37 39 40 
1 6 34 35 36 65 66 67 
1 6 34 35 64 65 66 67 
1 6 34 35 36 37 66 67 
1 6 34 35 36 108 109 110 
1 6 34 35 107 108 109 110 
1 6 34 35 36 37 109 110 
1 7 34 35 36 27 28 29 30 
1 7 34 35 36 37 28 29 30 
1 7 34 35 36 37 12 13 14 
1 5 50 51 10 11 12 
1 5 50 51 52 53 12 
1 5 50 25 26 27 28 
1 5 50 51 52 27 28 
1 5 50 51 26 27 28 
1 5 50 51 52 53 28 
1 5 50 36 37 38 39 
1 5 50 51 52 38 39 
1 5 50 51 37 38 39 
1 5 50 51 52 53 39 
1 5 50 63 64 65 66 
1 5 50 51 52 65 66 
1 5 50 51 64 65 66 
1 5 50 51 52 53 66 
1 5 50 81 82 83 84 
1 5 50 51 52 83 84 
1 5 50 51 82 83 84 
1 5 50 51 52 53 84 
1 5 50 106 107 108 109 
1 5 50 51 52 108 109 
1 5 50 51 107 108 109 
1 5 50 51 52 53 109 
1 5 50 119 120 121 122 
1 5 50 51 52 121 122 
1 5 50 51 120 121 122 
1 5 50 51 52 53 122 
1 6 50 51 52 54 55 56 
1 6 50 51 53 54 55 56 
1 6 50 51 52 53 55 56 
1 6 50 51 10 11 12 13 
1 6 50 51 52 53 12 13 
1 6 50 51 52 94 95 96 
1 6 50 51 93 94 95 96 
1 6 50 51 52 53 95 96 
1 6 50 51 52 38 39 40 
1 6 50 51 37 38 39 40 
1 6 50 51 52 53 39 40 
1 6 50 51 52 65 66 67 
1 6 50 51 64 65 66 67 
1 6 50 51 52 53 66 67 
1 6 50 51 52 108 109 110 
1 6 50 51 107 108 109 110 
1 6 50 51 52 53 109 110 
1 7 50 51 52 27 28 29 30 
1 7 50 51 52 53 28 29 30 
1 7 50 51 52 53 12 13 14 
1 5 61 62 63 64 12 
1 5 61 62 26 27 28 
1 5 61 62 63 64 28 
1 5 61 36 37 38 39 
1 5 61 62 63 38 39 
1 5 61 62 37 38 39 
1 5 61 62 63 64 39 
1 5 61 63 64 65 66 
1 5 61 62 63 65 66 
1 5 61 62 64 65 66 
1 5 61 62 63 64 66 
1 5 61 81 82 83 84 
1 5 61 62 63 83 84 
1 5 61 62 82 83 84 
1 5 61 62 63 64 84 
1 5 61 106 107 108 109 
1 5 61 62 63 108 109 
1 5 61 62 107 108 109 
1 5 61 62 63 64 109 
1 5 61 119 120 121 122 
1 5 61 62 63 121 122 
1 5 61 62 120 121 122 
1 5 61 62 63 64 122 
1 6 61 62 63 54 55 56 
1 6 61 62 53 54 55 56 
1 6 61 62 63 64 55 56 
1 6 61 62 63 64 12 13 
1 6 61 62 63 94 95 96 
1 6 61 62 93 94 95 96 
1 6 61 62 63 64 95 96 
1 6 61 62 63 38 39 40 
1 6 61 62 37 38 39 40 
1 6 61 62 63 64 39 40 
1 6 61 62 63 65 66 67 
1 6 61 62 64 65 66 67 
1 6 61 62 63 64 66 67 
1 6 61 62 63 108 109 110 
1 6 61 62 107 108 109 110 
1 6 61 62 63 64 109 110 
1 7 61 62 63 64 28 29 30 
1 7 61 62 63 64 12 13 14 
1 7 61 62 63 83 84 85 86 
1 7 61 62 63 64 84 85 86 
1 7 61 62 63 64 39 40 41 
1 5 79 80 81 82 28 
1 5 79 80 37 38 39 
1 5 79 80 81 82 39 
1 5 79 63 64 65 66 
1 5 79 80 81 65 66 
1 5 79 80 64 65 66 
1 5 79 80 81 82 66 
1 5 79 81 82 83 84 
1 5 79 80 81 83 84 
1 5 79 80 82 83 84 
1 5 79 80 81 82 84 
1 5 79 106 107 108 109 
1 5 79 80 81 108 109 
1 5 79 80 107 108 109 
1 5 79 80 81 82 109 
1 5 79 119 120 121 122 
1 5 79 80 81 121 122 
1 5 79 80 120 121 122 
1 5 79 80 81 82 122 
1 6 79 80 81 54 55 56 
1 6 79 80 53 54 55 56 
1 6 79 80 81 82 55 56 
1 6 79 80 81 94 95 96 
1 6 79 80 93 94 95 96 
1 6 79 80 81 82 95 96 
1 6 79 80 37 38 39 40 
1 6 79 80 81 82 39 40 
1 6 79 80 81 65 66 67 
1 6 79 80 64 65 66 67 
1 6 79 80 81 82 66 67 
1 6 79 80 81 108 109 110 
1 6 79 80 107 108 109 110 
1 6 79 80 81 82 109 110 
1 7 79 80 81 82 28 29 30 
1 7 79 80 81 83 84 85 86 
1 7 79 80 81 82 84 85 86 
1 7 79 80 81 82 39 40 41 
1 7 79 80 81 65 66 67 68 
1 7 79 80 81 82 66 67 68 
1 5 90 91 10 11 12 
1 5 90 91 26 27 28 
1 5 90 91 92 93 39 
1 5 90 91 37 38 39 
1 5 90 63 64 65 66 
1 5 90 91 92 65 66 
1 5 90 91 92 93 66 
1 5 90 91 64 65 66 
1 5 90 81 82 83 84 
1 5 90 91 92 83 84 
1 5 90 91 92 93 84 
1 5 90 91 82 83 84 
1 5 90 106 107 108 109 
1 5 90 91 92 108 109 
1 5 90 91 92 93 109 
1 5 90 91 107 108 109 
1 5 90 119 120 121 122 
1 5 90 91 92 121 122 
1 5 90 91 92 93 122 
1 5 90 91 120 121 122 
1 6 90 91 92 93 55 56 
1 6 90 91 53 54 55 56 
1 6 90 91 10 11 12 13 
1 5 90 91 92 12 13 
1 6 90 91 92 94 95 96 
1 6 90 91 92 93 95 96 
1 6 90 91 93 94 95 96 
1 6 90 91 92 93 39 40 
1 6 90 91 37 38 39 40 
1 6 90 91 92 65 66 67 
1 6 90 91 92 93 66 67 
1 6 90 91 64 65 66 67 
1 6 90 91 92 108 109 110 
1 6 90 91 92 93 109 110 
1 6 90 91 107 108 109 110 
1 6 90 91 92 12 13 14 
1 7 90 91 92 83 84 85 86 
1 7 90 91 92 93 84 85 86 
1 7 90 91 92 93 39 40 41 
1 7 90 91 92 65 66 67 68 
1 7 90 91 92 93 66 67 68 
1 7 90 91 92 121 122 123 124 
1 7 90 91 92 93 122 123 124 
1 5 104 105 64 65 66 
1 5 104 105 106 107 66 
1 5 104 81 82 83 84 
1 5 104 105 106 83 84 
1 5 104 105 82 83 84 
1 5 104 105 106 107 84 
1 5 104 106 107 108 109 
1 5 104 105 106 108 109 
1 5 104 105 107 108 109 
1 5 104 105 106 107 109 
1 5 104 119 120 121 122 
1 5 104 105 106 121 122 
1 5 104 105 120 121 122 
1 5 104 105 106 107 122 
1 6 104 105 106 107 55 56 
1 5 104 10 11 12 13 
1 5 104 105 11 12 13 
1 5 104 105 106 12 13 
1 5 104 105 106 107 13 
1 6 104 105 106 94 95 96 
1 6 104 105 93 94 95 96 
1 6 104 105 106 107 95 96 
1 6 104 105 64 65 66 67 
1 6 104 105 106 107 66 67 
1 6 104 105 106 108 109 110 
1 6 104 105 107 108 109 110 
1 6 104 105 106 107 109 110 
1 6 104 105 27 28 29 30 
1 6 104 105 106 28 29 30 
1 6 104 105 11 12 13 14 
1 6 104 105 106 12 13 14 
1 6 104 105 106 107 13 14 
1 7 104 105 106 83 84 85 86 
1 7 104 105 106 107 84 85 86 
1 7 104 105 106 107 66 67 68 
1 7 104 105 106 121 122 123 124 
1 7 104 105 106 107 122 123 124 
1 5 117 118 119 120 66 
1 5 117 118 82 83 84 
1 5 117 118 119 120 84 
1 5 117 106 107 108 109 
1 5 117 118 119 108 109 
1 5 117 118 107 108 109 
1 5 117 118 119 120 109 
1 5 117 119 120 121 122 
1 5 117 118 119 121 122 
1 5 117 118 120 121 122 
1 5 117 118 119 120 122 
1 5 117 10 11 12 13 
1 5 117 118 11 12 13 
1 5 117 118 119 12 13 
1 5 117 118 119 120 13 
1 6 117 118 119 94 95 96 
1 6 117 118 93 94 95 96 
1 6 117 118 119 120 95 96 
1 5 117 37 38 39 40 
1 5 117 118 38 39 40 
1 5 117 118 119 39 40 
1 6 117 118 119 120 66 67 
1 6 117 118 119 108 109 110 
1 6 117 118 107 108 109 110 
1 6 117 118 119 120 109 110 
1 6 117 118 27 28 29 30 
1 6 117 118 119 28 29 30 
1 6 117 118 119 120 29 30 
1 6 117 118 11 12 13 14 
1 6 117 118 119 12 13 14 
1 6 117 118 119 120 13 14 
1 7 117 118 119 120 84 85 86 
1 6 117 118 38 39 40 41 
1 6 117 118 119 39 40 41 
1 7 117 118 119 120 66 67 68 
1 7 117 118 119 121 122 123 124 
1 7 117 118 119 120 122 123 124 
1 4 8 9 108 109 
1 5 8 9 54 55 56 
1 5 8 53 54 55 56 
1 5 8 9 10 55 56 
1 5 8 9 11 12 13 
1 5 8 9 10 11 13 
1 5 8 10 11 12 13 
1 5 8 9 10 12 13 
1 5 8 9 94 95 96 
1 5 8 93 94 95 96 
1 5 8 9 38 39 40 
1 5 8 9 10 11 40 
1 5 8 37 38 39 40 
1 5 8 9 10 39 40 
1 5 8 9 65 66 67 
1 5 8 9 10 11 67 
1 5 8 64 65 66 67 
1 5 8 9 10 66 67 
1 5 8 9 108 109 110 
1 6 8 9 27 28 29 30 
1 6 8 9 10 11 29 30 
1 6 8 9 10 28 29 30 
1 6 8 9 11 12 13 14 
1 6 8 9 10 11 13 14 
1 6 8 9 10 12 13 14 
1 6 8 9 83 84 85 86 
1 6 8 9 10 11 85 86 
1 6 8 9 10 84 85 86 
1 6 8 9 38 39 40 41 
1 6 8 9 10 11 40 41 
1 6 8 9 10 39 40 41 
1 6 8 9 65 66 67 68 
1 6 8 9 10 11 67 68 
1 6 8 9 10 66 67 68 
1 7 8 9 10 11 13 14 15 
1 7 8 9 10 12 13 14 15 
1 4 24 25 121 122 
1 5 24 25 54 55 56 
1 5 24 53 54 55 56 
1 5 24 25 26 55 56 
1 5 24 25 11 12 13 
1 5 24 25 26 27 13 
1 5 24 10 11 12 13 
1 5 24 25 26 12 13 
1 5 24 25 94 95 96 
1 5 24 93 94 95 96 
1 5 24 25 26 95 96 
1 5 24 25 38 39 40 
1 5 24 25 26 27 40 
1 5 24 37 38 39 40 
1 5 24 25 26 39 40 
1 5 24 25 65 66 67 
1 5 24 25 26 27 67 
1 5 24 64 65 66 67 
1 5 24 25 26 66 67 
1 5 24 25 108 109 110 
1 5 24 25 26 27 110 
1 5 24 107 108 109 110 
1 6 24 25 27 28 29 30 
1 6 24 25 26 27 29 30 
1 6 24 25 26 28 29 30 
1 6 24 25 11 12 13 14 
1 6 24 25 26 27 13 14 
1 6 24 25 26 12 13 14 
1 6 24 25 83 84 85 86 
1 6 24 25 26 27 85 86 
1 6 24 25 26 84 85 86 
1 6 24 25 38 39 40 41 
1 6 24 25 26 27 40 41 
1 6 24 25 26 39 40 41 
1 6 24 25 65 66 67 68 
1 6 24 25 26 27 67 68 
1 6 24 25 26 66 67 68 
1 6 24 25 121 122 123 124 
1 7 24 25 26 27 13 14 15 
1 7 24 25 26 12 13 14 15 
1 7 24 25 26 27 40 41 42 
1 7 24 25 26 39 40 41 42 
1 5 35 36 54 55 56 
1 5 35 53 54 55 56 
1 5 35 36 37 55 56 
1 5 35 36 11 12 13 
1 5 35 36 37 38 13 
1 5 35 10 11 12 13 
1 5 35 36 37 12 13 
1 5 35 36 94 95 96 
1 5 35 93 94 95 96 
1 5 35 36 37 95 96 
1 5 35 36 38 39 40 
1 5 35 36 37 38 40 
1 5 35 37 38 39 40 
1 5 35 36 37 39 40 
1 5 35 36 65 66 67 
1 5 35 36 37 38 67 
1 5 35 64 65 66 67 
1 5 35 36 37 66 67 
1 5 35 36 108 109 110 
1 5 35 36 37 38 110 
1 5 35 107 108 109 110 
1 5 35 36 37 109 110 
1 6 35 36 27 28 29 30 
1 6 35 36 37 38 29 30 
1 6 35 36 37 28 29 30 
1 6 35 36 11 12 13 14 
1 6 35 36 37 38 13 14 
1 6 35 36 37 12 13 14 
1 6 35 36 83 84 85 86 
1 6 35 36 37 38 85 86 
1 6 35 36 37 84 85 86 
1 6 35 36 38 39 40 41 
1 6 35 36 37 38 40 41 
1 6 35 36 37 39 40 41 
1 6 35 36 65 66 67 68 
1 6 35 36 37 38 67 68 
1 6 35 36 37 66 67 68 
1 6 35 36 121 122 123 124 
1 6 35 36 37 38 123 124 
1 7 35 36 37 38 13 14 15 
1 7 35 36 37 12 13 14 15 
1 7 35 36 108 109 110 111 112 
1 7 35 36 37 38 110 111 112 
1 7 35 36 37 109 110 111 112 
1 7 35 36 37 38 40 41 42 
1 7 35 36 37 39 40 41 42 
1 5 51 52 54 55 56 
1 5 51 53 54 55 56 
1 5 51 52 53 55 56 
1 5 51 52 53 54 13 
1 5 51 10 11 12 13 
1 5 51 52 53 12 13 
1 5 51 52 94 95 96 
1 5 51 93 94 95 96 
1 5 51 52 53 95 96 
1 5 51 52 38 39 40 
1 5 51 52 53 54 40 
1 5 51 37 38 39 40 
1 5 51 52 53 39 40 
1 5 51 52 65 66 67 
1 5 51 52 53 54 67 
1 5 51 64 65 66 67 
1 5 51 52 53 66 67 
1 5 51 52 108 109 110 
1 5 51 52 53 54 110 
1 5 51 107 108 109 110 
1 5 51 52 53 109 110 
1 6 51 52 27 28 29 30 
1 6 51 52 53 54 29 30 
1 6 51 52 53 28 29 30 
1 6 51 52 53 54 13 14 
1 6 51 52 53 12 13 14 
1 6 51 52 83 84 85 86 
1 6 51 52 53 54 85 86 
1 6 51 52 53 84 85 86 
1 6 51 52 38 39 40 41 
1 6 51 52 53 54 40 41 
1 6 51 52 53 39 40 41 
1 6 51 52 65 66 67 68 
1 6 51 52 53 54 67 68 
1 6 51 52 53 66 67 68 
1 6 51 52 121 122 123 124 
1 6 51 52 53 54 123 124 
1 6 51 52 53 122 123 124 
1 7 51 52 53 54 13 14 15 
1 7 51 52 53 12 13 14 15 
1 7 51 52 108 109 110 111 112 
1 7 51 52 53 54 110 111 112 
1 7 51 52 53 109 110 111 112 
1 7 51 52 53 54 40 41 42 
1 7 51 52 53 39 40 41 42 
1 7 51 52 53 54 67 68 69 
1 7 51 52 53 66 67 68 69 
1 5 62 63 54 55 56 
1 5 62 53 54 55 56 
1 5 62 63 64 55 56 
1 5 62 63 64 12 13 
1 5 62 63 94 95 96 
1 5 62 93 94 95 96 
1 5 62 63 64 95 96 
1 5 62 63 38 39 40 
1 5 62 63 64 65 40 
1 5 62 37 38 39 40 
1 5 62 63 64 39 40 
1 5 62 63 65 66 67 
1 5 62 63 64 65 67 
1 5 62 64 65 66 67 
1 5 62 63 64 66 67 
1 5 62 63 108 109 110 
1 5 62 63 64 65 110 
1 5 62 107 108 109 110 
1 5 62 63 64 109 110 
1 6 62 63 64 65 29 30 
1 6 62 63 64 28 29 30 
1 6 62 63 64 12 13 14 
1 6 62 63 83 84 85 86 
1 6 62 63 64 65 85 86 
1 6 62 63 64 84 85 86 
1 6 62 63 38 39 40 41 
1 6 62 63 64 65 40 41 
1 6 62 63 64 39 40 41 
1 6 62 63 65 66 67 68 
1 6 62 63 64 65 67 68 
1 6 62 63 64 66 67 68 
1 6 62 63 121 122 123 124 
1 6 62 63 64 65 123 124 
1 6 62 63 64 122 123 124 
1 7 62 63 64 12 13 14 15 
1 7 62 63 108 109 110 111 112 
1 7 62 63 64 65 110 111 112 
1 7 62 63 64 109 110 111 112 
1 7 62 63 64 65 40 41 42 
1 7 62 63 64 39 40 41 42 
1 7 62 63 64 65 67 68 69 
1 7 62 63 64 66 67 68 69 
1 5 80 81 54 55 56 
1 5 80 53 54 55 56 
1 5 80 81 82 55 56 
1 5 80 81 94 95 96 
1 5 80 93 94 95 96 
1 5 80 81 82 95 96 
1 5 80 81 82 83 40 
1 5 80 37 38 39 40 
1 5 80 81 82 39 40 
1 5 80 81 65 66 67 
1 5 80 81 82 83 67 
1 5 80 64 65 66 67 
1 5 80 81 82 66 67 
1 5 80 81 108 109 110 
1 5 80 81 82 83 110 
1 5 80 107 108 109 110 
1 5 80 81 82 109 110 
1 6 80 81 82 28 29 30 
1 6 80 81 83 84 85 86 
1 6 80 81 82 83 85 86 
1 6 80 81 82 84 85 86 
1 6 80 81 82 83 40 41 
1 6 80 81 82 39 40 41 
1 6 80 81 65 66 67 68 
1 6 80 81 82 83 67 68 
1 6 80 81 82 66 67 68 
1 6 80 81 121 122 123 124 
1 6 80 81 82 83 123 124 
1 6 80 81 82 122 123 124 
1 7 80 81 108 109 110 111 112 
1 7 80 81 82 83 110 111 112 
1 7 80 81 82 109 110 111 112 
1 7 80 81 82 83 40 41 42 
1 7 80 81 82 39 40 41 42 
1 7 80 81 82 83 67 68 69 
1 7 80 81 82 66 67 68 69 
1 5 91 92 93 55 56 
1 4 91 92 12 13 
1 5 91 92 94 95 96 
1 5 91 92 93 95 96 
1 5 91 92 93 39 40 
1 5 91 92 65 66 67 
1 5 91 92 93 94 67 
1 5 91 92 93 66 67 
1 5 91 92 108 109 110 
1 5 91 92 93 94 110 
1 5 91 92 93 109 110 
1 5 91 92 12 13 14 
1 6 91 92 83 84 85 86 
1 6 91 92 93 94 85 86 
1 6 91 92 93 84 85 86 
1 6 91 92 93 39 40 41 
1 6 91 92 65 66 67 68 
1 6 91 92 93 94 67 68 
1 6 91 92 93 66 67 68 
1 6 91 92 121 122 123 124 
1 6 91 92 93 94 123 124 
1 6 91 92 93 122 123 124 
1 6 91 92 12 13 14 15 
1 7 91 92 108 109 110 111 112 
1 7 91 92 93 94 110 111 112 
1 7 91 92 93 109 110 111 112 
1 7 91 92 93 39 40 41 42 
1 7 91 92 93 94 67 68 69 
1 7 91 92 93 66 67 68 69 
1 5 105 106 107 55 56 
1 5 105 106 94 95 96 
1 5 105 93 94 95 96 
1 5 105 106 107 95 96 
1 5 105 106 107 108 67 
1 5 105 64 65 66 67 
1 5 105 106 107 66 67 
1 5 105 106 108 109 110 
1 5 105 106 107 108 110 
1 5 105 107 108 109 110 
1 5 105 106 107 109 110 
1 5 105 27 28 29 30 
1 5 105 106 28 29 30 
1 5 105 11 12 13 14 
1 5 105 106 12 13 14 
1 5 105 106 107 108 14 
1 5 105 106 107 13 14 
1 6 105 106 83 84 85 86 
1 6 105 106 107 108 85 86 
1 6 105 106 107 84 85 86 
1 6 105 106 107 108 67 68 
1 6 105 106 107 66 67 68 
1 6 105 106 121 122 123 124 
1 6 105 106 107 108 123 124 
1 6 105 106 107 122 123 124 
1 6 105 106 12 13 14 15 
1 6 105 106 107 108 14 15 
1 6 105 106 107 13 14 15 
1 7 105 106 108 109 110 111 112 
1 7 105 106 107 108 110 111 112 
1 7 105 106 107 109 110 111 112 
1 7 105 106 107 108 67 68 69 
1 7 105 106 107 66 67 68 69 
1 7 105 106 12 13 14 15 16 
1 7 105 106 107 108 14 15 16 
1 7 105 106 107 13 14 15 16 
1 5 118 119 94 95 96 
1 5 118 93 94 95 96 
1 5 118 119 120 95 96 
1 4 118 38 39 40 
1 4 118 119 39 40 
1 5 118 119 120 66 67 
1 5 118 119 108 109 110 
1 5 118 119 120 121 110 
1 5 118 107 108 109 110 
1 5 118 119 120 109 110 
1 5 118 27 28 29 30 
1 5 118 119 28 29 30 
1 5 118 119 120 29 30 
1 5 118 11 12 13 14 
1 5 118 119 12 13 14 
1 5 118 119 120 121 14 
1 5 118 119 120 13 14 
1 6 118 119 120 121 85 86 
1 6 118 119 120 84 85 86 
1 5 118 38 39 40 41 
1 5 118 119 39 40 41 
1 6 118 119 120 66 67 68 
1 6 118 119 121 122 123 124 
1 6 118 119 120 121 123 124 
1 6 118 119 120 122 123 124 
1 6 118 119 12 13 14 15 
1 6 118 119 120 121 14 15 
1 6 118 119 120 13 14 15 
1 7 118 119 108 109 110 111 112 
1 7 118 119 120 121 110 111 112 
1 7 118 119 120 109 110 111 112 
1 6 118 119 39 40 41 42 
1 7 118 119 120 66 67 68 69 
1 7 118 119 12 13 14 15 16 
1 7 118 119 120 121 14 15 16 
1 7 118 119 120 13 14 15 16 
1 4 9 108 109 110 
1 5 9 27 28 29 30 
1 5 9 10 11 29 30 
1 5 9 10 28 29 30 
1 5 9 11 12 13 14 
1 5 9 10 11 13 14 
1 5 9 10 11 12 14 
1 5 9 10 12 13 14 
1 5 9 83 84 85 86 
1 5 9 10 11 85 86 
1 5 9 10 84 85 86 
1 5 9 38 39 40 41 
1 5 9 10 11 40 41 
1 5 9 10 11 12 41 
1 5 9 10 39 40 41 
1 5 9 65 66 67 68 
1 5 9 10 11 12 68 
1 5 9 10 11 67 68 
1 5 9 10 66 67 68 
1 6 9 10 11 13 14 15 
1 6 9 10 11 12 14 15 
1 6 9 10 12 13 14 15 
1 6 9 108 109 110 111 112 
1 6 9 10 11 12 111 112 
1 6 9 10 11 40 41 42 
1 6 9 10 11 12 41 42 
1 6 9 10 39 40 41 42 
1 6 9 10 11 12 68 69 
1 6 9 10 11 67 68 69 
1 6 9 10 66 67 68 69 
1 7 9 10 11 13 14 15 16 
1 7 9 10 11 12 14 15 16 
1 7 9 10 12 13 14 15 16 
1 7 9 10 11 40 41 42 43 
1 7 9 10 11 12 41 42 43 
1 7 9 10 39 40 41 42 43 
1 7 9 10 11 12 68 69 70 
1 7 9 10 11 67 68 69 70 
1 7 9 10 66 67 68 69 70 
1 5 25 27 28 29 30 
1 5 25 26 27 29 30 
1 5 25 26 28 29 30 
1 5 25 11 12 13 14 
1 5 25 26 27 13 14 
1 5 25 26 27 28 14 
1 5 25 26 12 13 14 
1 5 25 83 84 85 86 
1 5 25 26 27 85 86 
1 5 25 26 84 85 86 
1 5 25 38 39 40 41 
1 5 25 26 27 40 41 
1 5 25 26 27 28 41 
1 5 25 26 39 40 41 
1 5 25 65 66 67 68 
1 5 25 26 27 28 68 
1 5 25 26 27 67 68 
1 5 25 26 66 67 68 
1 5 25 121 122 123 124 
1 6 25 26 27 13 14 15 
1 6 25 26 27 28 14 15 
1 6 25 26 12 13 14 15 
1 6 25 108 109 110 111 112 
1 6 25 26 27 28 111 112 
1 6 25 26 27 110 111 112 
1 6 25 26 27 40 41 42 
1 6 25 26 27 28 41 42 
1 6 25 26 39 40 41 42 
1 6 25 26 27 28 68 69 
1 6 25 26 27 67 68 69 
1 6 25 26 66 67 68 69 
1 7 25 26 27 13 14 15 16 
1 7 25 26 27 28 14 15 16 
1 7 25 26 12 13 14 15 16 
1 7 25 26 27 40 41 42 43 
1 7 25 26 27 28 41 42 43 
1 7 25 26 39 40 41 42 43 
1 7 25 26 27 28 68 69 70 
1 7 25 26 27 67 68 69 70 
1 7 25 26 66 67 68 69 70 
1 5 36 27 28 29 30 
1 5 36 37 38 29 30 
1 5 36 37 28 29 30 
1 5 36 11 12 13 14 
1 5 36 37 38 13 14 
1 5 36 37 38 39 14 
1 5 36 37 12 13 14 
1 5 36 83 84 85 86 
1 5 36 37 38 85 86 
1 5 36 37 84 85 86 
1 5 36 38 39 40 41 
1 5 36 37 38 40 41 
1 5 36 37 38 39 41 
1 5 36 37 39 40 41 
1 5 36 65 66 67 68 
1 5 36 37 38 39 68 
1 5 36 37 38 67 68 
1 5 36 37 66 67 68 
1 5 36 121 122 123 124 
1 5 36 37 38 123 124 
1 6 36 37 38 13 14 15 
1 6 36 37 38 39 14 15 
1 6 36 37 12 13 14 15 
1 6 36 108 109 110 111 112 
1 6 36 37 38 39 111 112 
1 6 36 37 38 110 111 112 
1 6 36 37 109 110 111 112 
1 6 36 37 38 40 41 42 
1 6 36 37 38 39 41 42 
1 6 36 37 39 40 41 42 
1 6 36 37 38 39 68 69 
1 6 36 37 38 67 68 69 
1 6 36 37 66 67 68 69 
1 7 36 37 38 13 14 15 16 
1 7 36 37 38 39 14 15 16 
1 7 36 37 12 13 14 15 16 
1 7 36 37 38 40 41 42 43 
1 7 36 37 38 39 41 42 43 
1 7 36 37 39 40 41 42 43 
1 7 36 37 38 39 68 69 70 
1 7 36 37 38 67 68 69 70 
1 7 36 37 66 67 68 69 70 
1 4 92 12 13 14 
1 5 92 83 84 85 86 
1 5 92 93 94 85 86 
1 5 92 93 84 85 86 
1 5 92 93 39 40 41 
1 5 92 65 66 67 68 
1 5 92 93 94 67 68 
1 5 92 93 66 67 68 
1 5 92 121 122 123 124 
1 5 92 93 94 123 124 
1 5 92 93 122 123 124 
1 5 92 12 13 14 15 
1 6 92 108 109 110 111 112 
1 6 92 93 94 110 111 112 
1 6 92 93 109 110 111 112 
1 6 92 93 39 40 41 42 
1 6 92 93 94 67 68 69 
1 6 92 93 66 67 68 69 
1 7 92 93 39 40 41 42 43 
1 7 92 93 94 67 68 69 70 
1 7 92 93 66 67 68 69 70 
1 5 52 27 28 29 30 
1 5 52 53 54 29 30 
1 5 52 53 28 29 30 
1 5 52 53 54 13 14 
1 5 52 53 12 13 14 
1 5 52 83 84 85 86 
1 5 52 53 54 85 86 
1 5 52 53 84 85 86 
1 5 52 38 39 40 41 
1 5 52 53 54 40 41 
1 5 52 53 39 40 41 
1 5 52 65 66 67 68 
1 5 52 53 54 67 68 
1 5 52 53 66 67 68 
1 5 52 121 122 123 124 
1 5 52 53 54 123 124 
1 5 52 53 122 123 124 
1 6 52 53 54 13 14 15 
1 6 52 53 12 13 14 15 
1 6 52 108 109 110 111 112 
1 6 52 53 54 110 111 112 
1 6 52 53 109 110 111 112 
1 6 52 53 54 40 41 42 
1 6 52 53 39 40 41 42 
1 6 52 53 54 67 68 69 
1 6 52 53 66 67 68 69 
1 7 52 53 54 13 14 15 16 
1 7 52 53 12 13 14 15 16 
1 7 52 53 54 40 41 42 43 
1 7 52 53 39 40 41 42 43 
1 7 52 53 54 67 68 69 70 
1 7 52 53 66 67 68 69 70 
1 5 63 64 65 29 30 
1 5 63 64 28 29 30 
1 5 63 64 65 66 14 
1 5 63 64 12 13 14 
1 5 63 83 84 85 86 
1 5 63 64 65 85 86 
1 5 63 64 84 85 86 
1 5 63 38 39 40 41 
1 5 63 64 65 40 41 
1 5 63 64 65 66 41 
1 5 63 64 39 40 41 
1 5 63 65 66 67 68 
1 5 63 64 65 66 68 
1 5 63 64 65 67 68 
1 5 63 64 66 67 68 
1 5 63 121 122 123 124 
1 5 63 64 65 123 124 
1 5 63 64 122 123 124 
1 6 63 64 65 66 14 15 
1 6 63 64 12 13 14 15 
1 6 63 108 109 110 111 112 
1 6 63 64 65 66 111 112 
1 6 63 64 65 110 111 112 
1 6 63 64 109 110 111 112 
1 6 63 64 65 40 41 42 
1 6 63 64 65 66 41 42 
1 6 63 64 39 40 41 42 
1 6 63 64 65 66 68 69 
1 6 63 64 65 67 68 69 
1 6 63 64 66 67 68 69 
1 7 63 64 65 66 14 15 16 
1 7 63 64 12 13 14 15 16 
1 7 63 64 65 40 41 42 43 
1 7 63 64 65 66 41 42 43 
1 7 63 64 39 40 41 42 43 
1 7 63 64 65 66 68 69 70 
1 7 63 64 65 67 68 69 70 
1 7 63 64 66 67 68 69 70 
1 5 81 82 28 29 30 
1 5 81 83 84 85 86 
1 5 81 82 83 85 86 
1 5 81 82 84 85 86 
1 5 81 82 83 40 41 
1 5 81 82 83 84 41 
1 5 81 82 39 40 41 
1 5 81 65 66 67 68 
1 5 81 82 83 84 68 
1 5 81 82 83 67 68 
1 5 81 82 66 67 68 
1 5 81 121 122 123 124 
1 5 81 82 83 123 124 
1 5 81 82 122 123 124 
1 5 81 82 83 84 15 
1 6 81 108 109 110 111 112 
1 6 81 82 83 84 111 112 
1 6 81 82 83 110 111 112 
1 6 81 82 109 110 111 112 
1 6 81 82 83 40 41 42 
1 6 81 82 83 84 41 42 
1 6 81 82 39 40 41 42 
1 6 81 82 83 84 68 69 
1 6 81 82 83 67 68 69 
1 6 81 82 66 67 68 69 
1 7 81 82 83 40 41 42 43 
1 7 81 82 83 84 41 42 43 
1 7 81 82 39 40 41 42 43 
1 7 81 82 83 84 68 69 70 
1 7 81 82 83 67 68 69 70 
1 7 81 82 66 67 68 69 70 
1 5 106 83 84 85 86 
1 5 106 107 108 85 86 
1 5 106 107 84 85 86 
1 5 106 107 108 109 68 
1 5 106 107 108 67 68 
1 5 106 107 66 67 68 
1 5 106 121 122 123 124 
1 5 106 107 108 123 124 
1 5 106 107 122 123 124 
1 5 106 107 108 109 15 
1 5 106 12 13 14 15 
1 5 106 107 108 14 15 
1 5 106 107 13 14 15 
1 6 106 108 109 110 111 112 
1 6 106 107 108 109 111 112 
1 6 106 107 108 110 111 112 
1 6 106 107 109 110 111 112 
1 5 106 107 108 109 42 
1 6 106 107 108 109 68 69 
1 6 106 107 108 67 68 69 
1 6 106 107 66 67 68 69 
1 7 106 107 108 109 68 69 70 
1 7 106 107 108 67 68 69 70 
1 7 106 107 66 67 68 69 70 
1 5 119 120 121 85 86 
1 5 119 120 66 67 68 
1 5 119 121 122 123 124 
1 5 119 120 121 123 124 
1 5 119 120 122 123 124 
1 5 119 120 121 122 15 
1 5 119 12 13 14 15 
1 5 119 120 121 14 15 
1 5 119 120 13 14 15 
1 6 119 108 109 110 111 112 
1 6 119 120 121 122 111 112 
1 6 119 120 121 110 111 112 
1 6 119 120 109 110 111 112 
1 5 119 120 121 122 42 
1 5 119 39 40 41 42 
1 6 119 120 66 67 68 69 
1 5 119 120 121 122 69 
1 7 119 120 66 67 68 69 70 
1 5 10 11 12 13 15 
1 5 10 11 13 14 15 
1 5 10 11 12 14 15 
1 5 10 12 13 14 15 
1 5 10 11 12 111 112 
1 5 10 11 12 13 42 
1 5 10 11 40 41 42 
1 5 10 11 12 41 42 
1 5 10 39 40 41 42 
1 5 10 11 12 13 69 
1 5 10 11 12 68 69 
1 5 10 11 67 68 69 
1 5 10 66 67 68 69 
1 5 26 27 13 14 15 
1 5 26 27 28 14 15 
1 5 26 12 13 14 15 
1 5 26 27 28 111 112 
1 5 26 27 110 111 112 
1 5 26 27 40 41 42 
1 5 26 27 28 41 42 
1 5 26 39 40 41 42 
1 5 26 27 28 68 69 
1 5 26 27 67 68 69 
1 5 26 66 67 68 69 
1 5 37 38 39 40 15 
1 5 37 38 13 14 15 
1 5 37 38 39 14 15 
1 5 37 12 13 14 15 
1 5 37 38 39 111 112 
1 5 37 38 110 111 112 
1 5 37 109 110 111 112 
1 5 37 38 39 40 42 
1 5 37 38 40 41 42 
1 5 37 38 39 41 42 
1 5 37 39 40 41 42 
1 5 37 38 39 40 69 
1 5 37 38 39 68 69 
1 5 37 38 67 68 69 
1 5 37 66 67 68 69 
1 5 53 54 13 14 15 
1 5 53 12 13 14 15 
1 5 53 54 110 111 112 
1 5 53 109 110 111 112 
1 5 53 54 40 41 42 
1 5 53 39 40 41 42 
1 5 53 54 55 56 42 
1 5 53 54 67 68 69 
1 5 53 66 67 68 69 
1 5 53 54 55 56 69 
1 5 64 65 66 14 15 
1 5 64 12 13 14 15 
1 5 64 65 66 111 112 
1 5 64 65 110 111 112 
1 5 64 109 110 111 112 
1 5 64 65 66 67 42 
1 5 64 65 40 41 42 
1 5 64 65 66 41 42 
1 5 64 39 40 41 42 
1 5 64 65 66 67 69 
1 5 64 65 66 68 69 
1 5 64 65 67 68 69 
1 5 64 66 67 68 69 
1 5 82 83 40 41 42 
1 5 82 83 84 41 42 
1 5 82 83 84 68 69 
1 5 82 83 67 68 69 
1 5 82 66 67 68 69 
1 5 93 94 67 68 69 
1 5 107 108 109 68 69 
1 5 107 108 67 68 69 
1 6 11 12 13 14 43 44 
1 6 11 12 13 42 43 44 
1 6 11 12 41 42 43 44 
1 6 27 28 29 30 43 44 
1 6 27 28 41 42 43 44 
1 6 38 39 40 41 43 44 
1 6 38 39 40 42 43 44 
1 6 38 39 41 42 43 44 
1 6 54 55 56 42 43 44 
1 6 65 66 67 42 43 44 
1 6 65 66 41 42 43 44 
1 6 65 66 67 16 17 18 
1 6 83 84 41 42 43 44 
1 6 83 84 85 86 43 44 
1 6 83 84 15 16 17 18 
1 6 83 84 85 86 70 71 
1 6 94 95 96 42 43 44 
1 7 94 95 96 15 16 17 18 
1 6 94 95 96 69 70 71 
1 5 108 109 110 43 44 
1 5 108 109 42 43 44 
1 6 108 109 110 16 17 18 
1 6 108 109 15 16 17 18 
1 5 108 109 110 70 71 
1 5 121 122 42 43 44 
1 6 121 122 15 16 17 18 
1 6 121 122 123 124 70 71 
1 5 121 122 69 70 71 
1 5 12 13 14 43 44 
1 5 12 13 42 43 44 
1 5 12 41 42 43 44 
1 6 12 13 14 16 17 18 
1 6 12 13 15 16 17 18 
1 5 12 13 14 70 71 
1 5 12 13 69 70 71 
1 5 28 29 30 43 44 
1 5 28 41 42 43 44 
1 6 28 29 30 16 17 18 
1 5 28 29 30 70 71 
1 5 39 40 41 43 44 
1 5 39 40 42 43 44 
1 5 39 41 42 43 44 
1 6 39 40 15 16 17 18 
1 5 39 40 41 70 71 
1 5 39 40 69 70 71 
1 5 55 56 42 43 44 
1 6 55 56 15 16 17 18 
1 5 55 56 69 70 71 
1 5 66 67 42 43 44 
1 5 66 41 42 43 44 
1 5 66 67 16 17 18 
1 5 66 67 68 70 71 
1 5 66 67 69 70 71 
1 5 84 41 42 43 44 
1 5 84 85 86 43 44 
1 5 84 15 16 17 18 
1 5 84 85 86 70 71 
1 5 95 96 42 43 44 
1 6 95 96 15 16 17 18 
1 5 95 96 69 70 71 
1 4 109 110 43 44 
1 4 109 42 43 44 
1 5 109 110 16 17 18 
1 5 109 15 16 17 18 
1 4 109 110 70 71 
1 4 122 42 43 44 
1 5 122 15 16 17 18 
1 5 122 123 124 70 71 
1 4 122 69 70 71 
