% x y
0.00000000 0.00000000 4.00000000 0.00000000 
0.00000000 0.01750191 3.99938738 0.07000406 
0.00000000 0.03500382 3.99754972 0.13998668 
0.00000000 0.05250573 3.99448756 0.20992642 
0.00000000 0.07000764 3.99020186 0.27980186 
0.00000000 0.08750954 3.98469393 0.34959159 
0.00000000 0.10501145 3.97796545 0.41927424 
0.00000000 0.12251336 3.97001848 0.48882846 
0.00000000 0.14001527 3.96085546 0.55823295 
0.00000000 0.15751718 3.95047919 0.62746644 
0.00000000 0.17501909 3.93889286 0.69650774 
0.00000000 0.19252100 3.92610001 0.76533569 
0.00000000 0.21002291 3.91210456 0.83392921 
0.00000000 0.22752482 3.89691079 0.90226730 
0.00000000 0.24502673 3.88052337 0.97032901 
0.00000000 0.26252863 3.86294731 1.03809350 
0.00000000 0.28003054 3.84418799 1.10554001 
0.00000000 0.29753245 3.82425116 1.17264788 
0.00000000 0.31503436 3.80314293 1.23939656 
0.00000000 0.33253627 3.78086976 1.30576561 
0.00000000 0.35003818 3.75743848 1.37173468 
0.00000000 0.36754009 3.73285626 1.43728359 
0.00000000 0.38504200 3.70713064 1.50239223 
0.00000000 0.40254391 3.68026949 1.56704069 
0.00000000 0.42004581 3.65228103 1.63120914 
0.00000000 0.43754772 3.62317385 1.69487794 
0.00000000 0.45504963 3.59295686 1.75802758 
0.00000000 0.47255154 3.56163932 1.82063873 
0.00000000 0.49005345 3.52923081 1.88269219 
0.00000000 0.50755536 3.49574127 1.94416897 
0.00000000 0.52505727 3.46118095 2.00505024 
0.00000000 0.54255918 3.42556044 2.06531734 
0.00000000 0.56006109 3.38889065 2.12495181 
0.00000000 0.57756299 3.35118281 2.18393539 
0.00000000 0.59506490 3.31244847 2.24225001 
0.00000000 0.61256681 3.27269950 2.29987781 
0.00000000 0.63006872 3.23194808 2.35680114 
0.00000000 0.64757063 3.19020668 2.41300256 
0.00000000 0.66507254 3.14748809 2.46846485 
0.00000000 0.68257445 3.10380539 2.52317104 
0.00000000 0.70007636 3.05917198 2.57710435 
0.00000000 0.71757827 3.01360151 2.63024827 
0.00000000 0.73508018 2.96710795 2.68258652 
0.00000000 0.75258208 2.91970553 2.73410307 
0.00000000 0.77008399 2.87140879 2.78478214 
0.00000000 0.78758590 2.82223250 2.83460821 
0.00000000 0.80508781 2.77219174 2.88356601 
0.00000000 0.82258972 2.72130184 2.93164055 
0.00000000 0.84009163 2.66957837 2.97881710 
0.00000000 0.85759354 2.61703719 3.02508122 
0.00000000 0.87509545 2.56369438 3.07041872 
0.00000000 0.89259736 2.50956630 3.11481573 
0.00000000 0.91009926 2.45466951 3.15825864 
0.00000000 0.92760117 2.39902083 3.20073414 
0.00000000 0.94510308 2.34263731 3.24222924 
0.00000000 0.96260499 2.28553622 3.28273121 
0.00000000 0.98010690 2.22773505 3.32222765 
0.00000000 0.99760881 2.16925151 3.36070646 
0.00000000 1.01511072 2.11010350 3.39815585 
0.00000000 1.03261263 2.05030915 3.43456437 
0.00000000 1.05011454 1.98988677 3.46992084 
0.00000000 1.06761644 1.92885488 3.50421444 
0.00000000 1.08511835 1.86723215 3.53743468 
0.00000000 1.10262026 1.80503748 3.56957136 
0.00000000 1.12012217 1.74228990 3.60061465 
0.00000000 1.13762408 1.67900865 3.63055505 
0.00000000 1.15512599 1.61521310 3.65938337 
0.00000000 1.17262790 1.55092280 3.68709079 
0.00000000 1.19012981 1.48615744 3.71366881 
0.00000000 1.20763172 1.42093685 3.73910931 
0.00000000 1.22513363 1.35528102 3.76340449 
0.00000000 1.24263553 1.28921005 3.78654690 
0.00000000 1.26013744 1.22274419 3.80852946 
0.00000000 1.27763935 1.15590379 3.82934543 
0.00000000 1.29514126 1.08870932 3.84898844 
0.00000000 1.31264317 1.02118137 3.86745247 
0.00000000 1.33014508 0.95334063 3.88473186 
0.00000000 1.34764699 0.88520787 3.90082133 
0.00000000 1.36514890 0.81680396 3.91571594 
0.00000000 1.38265081 0.74814986 3.92941112 
0.00000000 1.40015271 0.67926659 3.94190270 
0.00000000 1.41765462 0.61017526 3.95318683 
0.00000000 1.43515653 0.54089703 3.96326007 
0.00000000 1.45265844 0.47145311 3.97211933 
0.00000000 1.47016035 0.40186478 3.97976189 
0.00000000 1.48766226 0.33215336 3.98618541 
0.00000000 1.50516417 0.26234020 3.99138793 
0.00000000 1.52266608 0.19244668 3.99536785 
0.00000000 1.54016799 0.12249421 3.99812396 
0.00000000 1.55766990 0.05250422 3.99965540 
0.00000000 1.57517180 -0.01750185 3.99996171 
0.00000000 1.59267371 -0.08750256 3.99904280 
0.00000000 1.61017562 -0.15747647 3.99689894 
0.00000000 1.62767753 -0.22740214 3.99353080 
0.00000000 1.64517944 -0.29725816 3.98893941 
0.00000000 1.66268135 -0.36702312 3.98312616 
0.00000000 1.68018326 -0.43667567 3.97609285 
0.00000000 1.69768517 -0.50619445 3.96784163 
0.00000000 1.71518708 -0.57555818 3.95837502 
0.00000000 1.73268898 -0.64474561 3.94769592 
0.00000000 1.75019089 -0.71373556 3.93580761 
0.00000000 1.76769280 -0.78250687 3.92271373 
0.00000000 1.78519471 -0.85103850 3.90841828 
0.00000000 1.80269662 -0.91930945 3.89292565 
0.00000000 1.82019853 -0.98729881 3.87624058 
0.00000000 1.83770044 -1.05498574 3.85836819 
0.00000000 1.85520235 -1.12234953 3.83931394 
0.00000000 1.87270426 -1.18936953 3.81908368 
0.00000000 1.89020616 -1.25602521 3.79768359 
0.00000000 1.90770807 -1.32229617 3.77512024 
0.00000000 1.92520998 -1.38816209 3.75140054 
0.00000000 1.94271189 -1.45360280 3.72653175 
0.00000000 1.96021380 -1.51859827 3.70052149 
0.00000000 1.97771571 -1.58312857 3.67337773 
0.00000000 1.99521762 -1.64717395 3.64510878 
0.00000000 2.01271953 -1.71071478 3.61572329 
0.00000000 2.03022144 -1.77373161 3.58523028 
0.00000000 2.04772335 -1.83620512 3.55363909 
0.00000000 2.06522525 -1.89811619 3.52095938 
0.00000000 2.08272716 -1.95944585 3.48720116 
0.00000000 2.10022907 -2.02017531 3.45237479 
0.00000000 2.11773098 -2.08028598 3.41649093 
0.00000000 2.13523289 -2.13975943 3.37956056 
0.00000000 2.15273480 -2.19857746 3.34159500 
0.00000000 2.17023671 -2.25672205 3.30260588 
0.00000000 2.18773862 -2.31417538 3.26260515 
0.00000000 2.20524053 -2.37091985 3.22160504 
0.00000000 2.22274243 -2.42693809 3.17961814 
0.00000000 2.24024434 -2.48221294 3.13665728 
0.00000000 2.25774625 -2.53672747 3.09273564 
0.00000000 2.27524816 -2.59046497 3.04786667 
0.00000000 2.29275007 -2.64340899 3.00206411 
0.00000000 2.31025198 -2.69554331 2.95534199 
0.00000000 2.32775389 -2.74685196 2.90771462 
0.00000000 2.34525580 -2.79731923 2.85919659 
0.00000000 2.36275771 -2.84692965 2.80980276 
0.00000000 2.38025961 -2.89566803 2.75954827 
0.00000000 2.39776152 -2.94351944 2.70844850 
0.00000000 2.41526343 -2.99046923 2.65651911 
0.00000000 2.43276534 -3.03650301 2.60377600 
0.00000000 2.45026725 -3.08160668 2.55023534 
0.00000000 2.46776916 -3.12576642 2.49591351 
0.00000000 2.48527107 -3.16896872 2.44082717 
0.00000000 2.50277298 -3.21120033 2.38499317 
0.00000000 2.52027489 -3.25244832 2.32842863 
0.00000000 2.53777680 -3.29270006 2.27115087 
0.00000000 2.55527870 -3.33194322 2.21317744 
0.00000000 2.57278061 -3.37016577 2.15452610 
0.00000000 2.59028252 -3.40735601 2.09521480 
0.00000000 2.60778443 -3.44350254 2.03526172 
0.00000000 2.62528634 -3.47859430 1.97468521 
0.00000000 2.64278825 -3.51262053 1.91350385 
0.00000000 2.66029016 -3.54557082 1.85173636 
0.00000000 2.67779207 -3.57743507 1.78940167 
0.00000000 2.69529398 -3.60820351 1.72651887 
0.00000000 2.71279588 -3.63786673 1.66310722 
0.00000000 2.73029779 -3.66641564 1.59918615 
0.00000000 2.74779970 -3.69384150 1.53477523 
0.00000000 2.76530161 -3.72013589 1.46989419 
0.00000000 2.78280352 -3.74529078 1.40456292 
0.00000000 2.80030543 -3.76929845 1.33880141 
0.00000000 2.81780734 -3.79215155 1.27262981 
0.00000000 2.83530925 -3.81384308 1.20606840 
0.00000000 2.85281116 -3.83436639 1.13913756 
0.00000000 2.87031307 -3.85371520 1.07185779 
0.00000000 2.88781497 -3.87188359 1.00424970 
0.00000000 2.90531688 -3.88886598 0.93633400 
0.00000000 2.92281879 -3.90465718 0.86813150 
0.00000000 2.94032070 -3.91925235 0.79966307 
0.00000000 2.95782261 -3.93264701 0.73094970 
0.00000000 2.97532452 -3.94483707 0.66201244 
0.00000000 2.99282643 -3.95581879 0.59287240 
0.00000000 3.01032834 -3.96558881 0.52355075 
0.00000000 3.02783025 -3.97414413 0.45406873 
0.00000000 3.04533215 -3.98148214 0.38444763 
0.00000000 3.06283406 -3.98760058 0.31470877 
0.00000000 3.08033597 -3.99249758 0.24487351 
0.00000000 3.09783788 -3.99617165 0.17496325 
0.00000000 3.11533979 -3.99862165 0.10499939 
0.00000000 3.13284170 -3.99984684 0.03500337 
0.00000000 3.15034361 -3.99984684 -0.03500337 
0.00000000 3.16784552 -3.99862165 -0.10499939 
0.00000000 3.18534743 -3.99617165 -0.17496325 
0.00000000 3.20284933 -3.99249758 -0.24487351 
0.00000000 3.22035124 -3.98760058 -0.31470877 
0.00000000 3.23785315 -3.98148214 -0.38444763 
0.00000000 3.25535506 -3.97414413 -0.45406873 
0.00000000 3.27285697 -3.96558881 -0.52355075 
0.00000000 3.29035888 -3.95581879 -0.59287240 
0.00000000 3.30786079 -3.94483707 -0.66201244 
0.00000000 3.32536270 -3.93264701 -0.73094970 
0.00000000 3.34286461 -3.91925235 -0.79966307 
0.00000000 3.36036652 -3.90465718 -0.86813150 
0.00000000 3.37786842 -3.88886598 -0.93633400 
0.00000000 3.39537033 -3.87188359 -1.00424970 
0.00000000 3.41287224 -3.85371520 -1.07185779 
0.00000000 3.43037415 -3.83436639 -1.13913756 
0.00000000 3.44787606 -3.81384308 -1.20606840 
0.00000000 3.46537797 -3.79215155 -1.27262981 
0.00000000 3.48287988 -3.76929845 -1.33880141 
0.00000000 3.50038179 -3.74529078 -1.40456292 
0.00000000 3.51788370 -3.72013589 -1.46989419 
0.00000000 3.53538560 -3.69384150 -1.53477523 
0.00000000 3.55288751 -3.66641564 -1.59918615 
0.00000000 3.57038942 -3.63786673 -1.66310722 
0.00000000 3.58789133 -3.60820351 -1.72651887 
0.00000000 3.60539324 -3.57743507 -1.78940167 
0.00000000 3.62289515 -3.54557082 -1.85173636 
0.00000000 3.64039706 -3.51262053 -1.91350385 
0.00000000 3.65789897 -3.47859430 -1.97468521 
0.00000000 3.67540088 -3.44350254 -2.03526172 
0.00000000 3.69290278 -3.40735601 -2.09521480 
0.00000000 3.71040469 -3.37016577 -2.15452610 
0.00000000 3.72790660 -3.33194322 -2.21317744 
0.00000000 3.74540851 -3.29270006 -2.27115087 
0.00000000 3.76291042 -3.25244832 -2.32842863 
0.00000000 3.78041233 -3.21120033 -2.38499317 
0.00000000 3.79791424 -3.16896872 -2.44082717 
0.00000000 3.81541615 -3.12576642 -2.49591351 
0.00000000 3.83291806 -3.08160668 -2.55023534 
0.00000000 3.85041997 -3.03650301 -2.60377600 
0.00000000 3.86792187 -2.99046923 -2.65651911 
0.00000000 3.88542378 -2.94351944 -2.70844850 
0.00000000 3.90292569 -2.89566803 -2.75954827 
0.00000000 3.92042760 -2.84692965 -2.80980276 
0.00000000 3.93792951 -2.79731923 -2.85919659 
0.00000000 3.95543142 -2.74685196 -2.90771462 
0.00000000 3.97293333 -2.69554331 -2.95534199 
0.00000000 3.99043524 -2.64340899 -3.00206411 
0.00000000 4.00793715 -2.59046497 -3.04786667 
0.00000000 4.02543905 -2.53672747 -3.09273564 
0.00000000 4.04294096 -2.48221294 -3.13665728 
0.00000000 4.06044287 -2.42693809 -3.17961814 
0.00000000 4.07794478 -2.37091985 -3.22160504 
0.00000000 4.09544669 -2.31417538 -3.26260515 
0.00000000 4.11294860 -2.25672205 -3.30260588 
0.00000000 4.13045051 -2.19857746 -3.34159500 
0.00000000 4.14795242 -2.13975943 -3.37956056 
0.00000000 4.16545433 -2.08028598 -3.41649093 
0.00000000 4.18295624 -2.02017531 -3.45237479 
0.00000000 4.20045814 -1.95944585 -3.48720116 
0.00000000 4.21796005 -1.89811619 -3.52095938 
0.00000000 4.23546196 -1.83620512 -3.55363909 
0.00000000 4.25296387 -1.77373161 -3.58523028 
0.00000000 4.27046578 -1.71071478 -3.61572329 
0.00000000 4.28796769 -1.64717395 -3.64510878 
0.00000000 4.30546960 -1.58312857 -3.67337773 
0.00000000 4.32297151 -1.51859827 -3.70052149 
0.00000000 4.34047342 -1.45360280 -3.72653175 
0.00000000 4.35797532 -1.38816209 -3.75140054 
0.00000000 4.37547723 -1.32229617 -3.77512024 
0.00000000 4.39297914 -1.25602521 -3.79768359 
0.00000000 4.41048105 -1.18936953 -3.81908368 
0.00000000 4.42798296 -1.12234953 -3.83931394 
0.00000000 4.44548487 -1.05498574 -3.85836819 
0.00000000 4.46298678 -0.98729881 -3.87624058 
0.00000000 4.48048869 -0.91930945 -3.89292565 
0.00000000 4.49799060 -0.85103850 -3.90841828 
0.00000000 4.51549250 -0.78250687 -3.92271373 
0.00000000 4.53299441 -0.71373556 -3.93580761 
0.00000000 4.55049632 -0.64474561 -3.94769592 
0.00000000 4.56799823 -0.57555818 -3.95837502 
0.00000000 4.58550014 -0.50619445 -3.96784163 
0.00000000 4.60300205 -0.43667567 -3.97609285 
0.00000000 4.62050396 -0.36702312 -3.98312616 
0.00000000 4.63800587 -0.29725816 -3.98893941 
0.00000000 4.65550778 -0.22740214 -3.99353080 
0.00000000 4.67300969 -0.15747647 -3.99689894 
0.00000000 4.69051159 -0.08750256 -3.99904280 
0.00000000 4.70801350 -0.01750185 -3.99996171 
0.00000000 4.72551541 0.05250422 -3.99965540 
0.00000000 4.74301732 0.12249421 -3.99812396 
0.00000000 4.76051923 0.19244668 -3.99536785 
0.00000000 4.77802114 0.26234020 -3.99138793 
0.00000000 4.79552305 0.33215336 -3.98618541 
0.00000000 4.81302496 0.40186478 -3.97976189 
0.00000000 4.83052687 0.47145311 -3.97211933 
0.00000000 4.84802877 0.54089703 -3.96326007 
0.00000000 4.86553068 0.61017526 -3.95318683 
0.00000000 4.88303259 0.67926659 -3.94190270 
0.00000000 4.90053450 0.74814986 -3.92941112 
0.00000000 4.91803641 0.81680396 -3.91571594 
0.00000000 4.93553832 0.88520787 -3.90082133 
0.00000000 4.95304023 0.95334063 -3.88473186 
0.00000000 4.97054214 1.02118137 -3.86745247 
0.00000000 4.98804405 1.08870932 -3.84898844 
0.00000000 5.00554596 1.15590379 -3.82934543 
0.00000000 5.02304786 1.22274419 -3.80852946 
0.00000000 5.04054977 1.28921005 -3.78654690 
0.00000000 5.05805168 1.35528102 -3.76340449 
0.00000000 5.07555359 1.42093685 -3.73910931 
0.00000000 5.09305550 1.48615744 -3.71366881 
0.00000000 5.11055741 1.55092280 -3.68709079 
0.00000000 5.12805932 1.61521310 -3.65938337 
0.00000000 5.14556123 1.67900865 -3.63055505 
0.00000000 5.16306314 1.74228990 -3.60061465 
0.00000000 5.18056504 1.80503748 -3.56957136 
0.00000000 5.19806695 1.86723215 -3.53743468 
0.00000000 5.21556886 1.92885488 -3.50421444 
0.00000000 5.23307077 1.98988677 -3.46992084 
0.00000000 5.25057268 2.05030915 -3.43456437 
0.00000000 5.26807459 2.11010350 -3.39815585 
0.00000000 5.28557650 2.16925151 -3.36070646 
0.00000000 5.30307841 2.22773505 -3.32222765 
0.00000000 5.32058032 2.28553622 -3.28273121 
0.00000000 5.33808222 2.34263731 -3.24222924 
0.00000000 5.35558413 2.39902083 -3.20073414 
0.00000000 5.37308604 2.45466951 -3.15825864 
0.00000000 5.39058795 2.50956630 -3.11481573 
0.00000000 5.40808986 2.56369438 -3.07041872 
0.00000000 5.42559177 2.61703719 -3.02508122 
0.00000000 5.44309368 2.66957837 -2.97881710 
0.00000000 5.46059559 2.72130184 -2.93164055 
0.00000000 5.47809750 2.77219174 -2.88356601 
0.00000000 5.49559941 2.82223250 -2.83460821 
0.00000000 5.51310131 2.87140879 -2.78478214 
0.00000000 5.53060322 2.91970553 -2.73410307 
0.00000000 5.54810513 2.96710795 -2.68258652 
0.00000000 5.56560704 3.01360151 -2.63024827 
0.00000000 5.58310895 3.05917198 -2.57710435 
0.00000000 5.60061086 3.10380539 -2.52317104 
0.00000000 5.61811277 3.14748809 -2.46846485 
0.00000000 5.63561468 3.19020668 -2.41300256 
0.00000000 5.65311659 3.23194808 -2.35680114 
0.00000000 5.67061849 3.27269950 -2.29987781 
0.00000000 5.68812040 3.31244847 -2.24225001 
0.00000000 5.70562231 3.35118281 -2.18393539 
0.00000000 5.72312422 3.38889065 -2.12495181 
0.00000000 5.74062613 3.42556044 -2.06531734 
0.00000000 5.75812804 3.46118095 -2.00505024 
0.00000000 5.77562995 3.49574127 -1.94416897 
0.00000000 5.79313186 3.52923081 -1.88269219 
0.00000000 5.81063377 3.56163932 -1.82063873 
0.00000000 5.82813567 3.59295686 -1.75802758 
0.00000000 5.84563758 3.62317385 -1.69487794 
0.00000000 5.86313949 3.65228103 -1.63120914 
0.00000000 5.88064140 3.68026949 -1.56704069 
0.00000000 5.89814331 3.70713064 -1.50239223 
0.00000000 5.91564522 3.73285626 -1.43728359 
0.00000000 5.93314713 3.75743848 -1.37173468 
0.00000000 5.95064904 3.78086976 -1.30576561 
0.00000000 5.96815095 3.80314293 -1.23939656 
0.00000000 5.98565286 3.82425116 -1.17264788 
0.00000000 6.00315476 3.84418799 -1.10554001 
0.00000000 6.02065667 3.86294731 -1.03809350 
0.00000000 6.03815858 3.88052337 -0.97032901 
0.00000000 6.05566049 3.89691079 -0.90226730 
0.00000000 6.07316240 3.91210456 -0.83392921 
0.00000000 6.09066431 3.92610001 -0.76533569 
0.00000000 6.10816622 3.93889286 -0.69650774 
0.00000000 6.12566813 3.95047919 -0.62746644 
0.00000000 6.14317004 3.96085546 -0.55823295 
0.00000000 6.16067194 3.97001848 -0.48882846 
0.00000000 6.17817385 3.97796545 -0.41927424 
0.00000000 6.19567576 3.98469393 -0.34959159 
0.00000000 6.21317767 3.99020186 -0.27980186 
0.00000000 6.23067958 3.99448756 -0.20992642 
0.00000000 6.24818149 3.99754972 -0.13998668 
0.00000000 6.26568340 3.99938738 -0.07000406 
0.00000000 6.28318531 4.00000000 -0.00000000 
