% | t1 t2 t3 t4 |
2 3 5 6
3 5 6 7
5 6 7 8
6 7 8 10
7 8 10 11
8 10 11 12
10 11 12 13
11 12 13 14
12 13 14 15
13 14 15 17
14 15 17 18
15 17 18 19
17 18 19 20
18 19 20 21
19 20 21 22
20 21 22 23
21 22 23 24
22 23 24 26
23 24 26 27
24 26 27 28
26 27 28 29
27 28 29 30
28 29 30 31
29 30 31 32
30 31 32 33
31 32 33 34
32 33 34 35
33 34 35 37
34 35 37 38
35 37 38 39
37 38 39 40
38 39 40 41
39 40 41 42
40 41 42 43
41 42 43 44
42 43 44 45
43 44 45 46
44 45 46 47
45 46 47 48
46 47 48 50
47 48 50 51
48 50 51 52
50 51 52 53
51 52 53 54
52 53 54 55
53 54 55 56
54 55 56 57
55 56 57 58
56 57 58 59
57 58 59 60
58 59 60 61
59 60 61 62
60 61 62 63
61 62 63 65
62 63 65 66
63 65 66 67
65 66 67 68
66 67 68 69
67 68 69 70
68 69 70 71
69 70 71 72
70 71 72 73
71 72 73 74
72 73 74 75
73 74 75 76
74 75 76 77
75 76 77 78
76 77 78 79
77 78 79 80
78 79 80 82
79 80 82 83
80 82 83 84
82 83 84 85
83 84 85 86
84 85 86 87
85 86 87 88
86 87 88 89
87 88 89 90
88 89 90 91
89 90 91 92
90 91 92 93
91 92 93 94
92 93 94 95
93 94 95 96
94 95 96 97
95 96 97 98
96 97 98 99
