% | t1 t2 t3 t4 t5 t6 t7 t8 t9 t10 |
2 3 5 7 11 13 17 19 23 29
3 5 7 11 13 17 19 23 29 31
5 7 11 13 17 19 23 29 31 37
7 11 13 17 19 23 29 31 37 41
11 13 17 19 23 29 31 37 41 43
13 17 19 23 29 31 37 41 43 47
17 19 23 29 31 37 41 43 47 53
19 23 29 31 37 41 43 47 53 59
23 29 31 37 41 43 47 53 59 61
29 31 37 41 43 47 53 59 61 67
31 37 41 43 47 53 59 61 67 71
37 41 43 47 53 59 61 67 71 73
41 43 47 53 59 61 67 71 73 79
43 47 53 59 61 67 71 73 79 83
47 53 59 61 67 71 73 79 83 89
53 59 61 67 71 73 79 83 89 97
59 61 67 71 73 79 83 89 97 101
61 67 71 73 79 83 89 97 101 103
67 71 73 79 83 89 97 101 103 107
71 73 79 83 89 97 101 103 107 109
73 79 83 89 97 101 103 107 109 113
79 83 89 97 101 103 107 109 113 127
83 89 97 101 103 107 109 113 127 131
89 97 101 103 107 109 113 127 131 137
97 101 103 107 109 113 127 131 137 139
101 103 107 109 113 127 131 137 139 149
103 107 109 113 127 131 137 139 149 151
107 109 113 127 131 137 139 149 151 157
109 113 127 131 137 139 149 151 157 163
113 127 131 137 139 149 151 157 163 167
127 131 137 139 149 151 157 163 167 173
131 137 139 149 151 157 163 167 173 179
137 139 149 151 157 163 167 173 179 181
139 149 151 157 163 167 173 179 181 191
149 151 157 163 167 173 179 181 191 193
151 157 163 167 173 179 181 191 193 197
157 163 167 173 179 181 191 193 197 199
163 167 173 179 181 191 193 197 199 211
167 173 179 181 191 193 197 199 211 223
173 179 181 191 193 197 199 211 223 227
179 181 191 193 197 199 211 223 227 229
181 191 193 197 199 211 223 227 229 233
191 193 197 199 211 223 227 229 233 239
193 197 199 211 223 227 229 233 239 241
197 199 211 223 227 229 233 239 241 251
199 211 223 227 229 233 239 241 251 257
211 223 227 229 233 239 241 251 257 263
223 227 229 233 239 241 251 257 263 269
227 229 233 239 241 251 257 263 269 271
