% | t1 t2 t3 t4 t5 t6 t7 t8 t9 t10 t11 |
1 2 3 5 7 11 13 17 19 23 29
2 3 5 7 11 13 17 19 23 29 31
3 5 7 11 13 17 19 23 29 31 37
4 7 11 13 17 19 23 29 31 37 41
5 11 13 17 19 23 29 31 37 41 43
6 13 17 19 23 29 31 37 41 43 47
7 17 19 23 29 31 37 41 43 47 53
8 19 23 29 31 37 41 43 47 53 59
9 23 29 31 37 41 43 47 53 59 61
10 29 31 37 41 43 47 53 59 61 67
11 31 37 41 43 47 53 59 61 67 71
12 37 41 43 47 53 59 61 67 71 73
13 41 43 47 53 59 61 67 71 73 79
14 43 47 53 59 61 67 71 73 79 83
15 47 53 59 61 67 71 73 79 83 89
16 53 59 61 67 71 73 79 83 89 97
17 59 61 67 71 73 79 83 89 97 101
18 61 67 71 73 79 83 89 97 101 103
19 67 71 73 79 83 89 97 101 103 107
20 71 73 79 83 89 97 101 103 107 109
21 73 79 83 89 97 101 103 107 109 113
22 79 83 89 97 101 103 107 109 113 127
23 83 89 97 101 103 107 109 113 127 131
24 89 97 101 103 107 109 113 127 131 137
25 97 101 103 107 109 113 127 131 137 139
26 101 103 107 109 113 127 131 137 139 149
27 103 107 109 113 127 131 137 139 149 151
28 107 109 113 127 131 137 139 149 151 157
29 109 113 127 131 137 139 149 151 157 163
30 113 127 131 137 139 149 151 157 163 167
31 127 131 137 139 149 151 157 163 167 173
32 131 137 139 149 151 157 163 167 173 179
33 137 139 149 151 157 163 167 173 179 181
34 139 149 151 157 163 167 173 179 181 191
35 149 151 157 163 167 173 179 181 191 193
36 151 157 163 167 173 179 181 191 193 197
37 157 163 167 173 179 181 191 193 197 199
38 163 167 173 179 181 191 193 197 199 211
39 167 173 179 181 191 193 197 199 211 223
40 173 179 181 191 193 197 199 211 223 227
41 179 181 191 193 197 199 211 223 227 229
42 181 191 193 197 199 211 223 227 229 233
43 191 193 197 199 211 223 227 229 233 239
44 193 197 199 211 223 227 229 233 239 241
45 197 199 211 223 227 229 233 239 241 251
46 199 211 223 227 229 233 239 241 251 257
47 211 223 227 229 233 239 241 251 257 263
48 223 227 229 233 239 241 251 257 263 269
49 227 229 233 239 241 251 257 263 269 271
