-1 2.09312034299671
-0.99 2.84755233706535
-0.98 3.04627705074311
-0.97 2.6921466382692
-0.96 2.61427798965904
-0.95 2.65373031308829
-0.94 2.88590372545706
-0.93 2.33335855887202
-0.92 2.94215225279044
-0.91 2.93278824339069
-0.9 2.83799843680127
-0.89 2.9537866419787
-0.88 2.42907700999584
-0.87 2.3447074075723
-0.86 2.90742309530618
-0.85 2.53366534432584
-0.84 2.44377121925967
-0.83 2.53803949099343
-0.82 2.72570030978612
-0.81 2.74428215355852
-0.8 2.01076625922706
-0.79 2.617036775711
-0.78 2.34365293357084
-0.77 2.98260645008755
-0.76 2.46010824971129
-0.75 2.16927154358826
-0.74 2.37493112343471
-0.73 2.70273153535139
-0.72 2.91034222390177
-0.71 2.64340252546719
-0.7 2.30373109937207
-0.69 2.98224995507176
-0.68 2.54043349009993
-0.67 2.66722611754121
-0.66 2.27817705854299
-0.65 2.54058620560147
-0.64 2.87204766293587
-0.63 2.17520663346396
-0.62 2.97761091891671
-0.61 2.1120141873775
-0.6 2.23425247442661
-0.59 2.6139146307884
-0.58 2.60198405988074
-0.57 3.03675342432273
-0.56 2.34810440643853
-0.55 2.67044190556025
-0.54 2.82236630087327
-0.53 2.67795716429627
-0.52 2.5067492306218
-0.51 2.84575765180091
-0.5 2.74410032744588
-0.49 2.19999107588575
-0.48 3.17373051220467
-0.47 2.21059909571845
-0.46 2.86227994958142
-0.45 2.89419242347596
-0.44 2.34242184268023
-0.43 3.03995320029073
-0.42 2.38008827209103
-0.41 2.54296039812562
-0.4 2.63525982589769
-0.39 2.94321035688249
-0.38 2.56429238400154
-0.37 2.84284776884975
-0.36 2.64326346489393
-0.35 3.07600789929794
-0.34 2.43217484553192
-0.33 3.12421625994556
-0.32 3.26281439547853
-0.31 3.03760735464018
-0.3 2.60683438005212
-0.29 3.11152211752696
-0.28 2.95459919962516
-0.27 2.8909661470591
-0.26 2.70267907682947
-0.25 3.25757826495249
-0.24 2.68386261963275
-0.23 3.17369855742644
-0.22 2.87276039090374
-0.21 2.89098432485313
-0.2 3.38469669530828
-0.19 2.8447236766893
-0.18 2.88017560159993
-0.17 3.56273966749652
-0.16 2.78512847359727
-0.15 3.3970464356279
-0.14 3.16604547349478
-0.13 3.23089659376992
-0.12 3.32352580565379
-0.11 3.1909131114862
-0.1 3.24862296560396
-0.09 3.33663483863012
-0.08 3.24769966280498
-0.07 3.76825156496048
-0.06 3.47710326865869
-0.05 3.09763384996189
-0.04 3.21155018273076
-0.03 3.10920041182604
-0.02 3.70800552909603
-0.01 3.06199982090946
0 3.24381511295174
0.01 3.61062694455968
0.02 3.10302765430191
0.03 3.85580929340326
0.04 3.66119126290009
0.05 3.89643245317886
0.06 3.64960789922094
0.07 3.23772436929837
0.08 3.71369482094328
0.09 3.31737221366949
0.1 3.56675582218669
0.11 3.80390522577462
0.12 3.69161275123881
0.13 3.33692737931497
0.14 3.81986098022948
0.15 3.61500779592124
0.16 4.1769077697224
0.17 3.61793388746987
0.18 4.07309572368773
0.19 3.43444720624232
0.2 3.70173142137056
0.21 3.97630084434231
0.22 3.55376895918265
0.23 4.35399492267211
0.24 3.47515635463183
0.25 3.9229642356584
0.26 4.1897560914129
0.27 4.16044860807988
0.28 4.0768678260862
0.29 4.00857279417888
0.3 3.66224684028446
0.31 4.57748249967054
0.32 4.19198858146806
0.33 3.86826799841828
0.34 4.54796257310734
0.35 4.35239173664594
0.36 4.00120836066963
0.37 3.75290104307823
0.38 3.81726850446247
0.39 4.29145056947926
0.4 3.74983217672657
0.41 4.46035277314415
0.42 4.61993891136295
0.43 4.66380082466598
0.44 4.13125803456912
0.45 4.24413957280266
0.46 4.4945457010002
0.47 4.66658744534437
0.48 4.34587769699592
0.49 4.28967560981106
0.5 4.04947756517009
0.51 4.78850144121969
0.52 4.27472128538643
0.53 4.29052121818246
0.54 4.40552887191045
0.55 4.230641223273
0.56 3.95572073360535
0.57 4.12240511953405
0.58 4.58701969344297
0.59 3.98895013227948
0.6 4.11475620786024
0.61 4.46211619867323
0.62 4.87884126268957
0.63 4.60834505769487
0.64 4.60730637544387
0.65 4.80749522445927
0.66 4.41211000091943
0.67 4.96255744748296
0.68 4.32130566381668
0.69 4.86531980516675
0.7 4.83582837896752
0.71 4.06382779244341
0.72 4.0076022108528
0.73 4.84309355098339
0.74 4.51378757643955
0.75 4.8717168930472
0.76 4.09921687977652
0.77 4.23147444738774
0.78 4.84572549987275
0.79 4.24983594518792
0.8 4.39055931084304
0.81 4.13478438446275
0.82 4.84341952444515
0.83 4.65329177609951
0.84 4.33711931866021
0.85 4.8018332011986
0.86 4.24301664700951
0.87 4.24875748546553
0.88 4.14730383169366
0.89 4.44789305301167
0.9 4.15467989345927
0.91 4.04460136194005
0.92 4.04153882143757
0.93 4.72642395754598
0.94 4.44287912320407
0.95 4.20235231440661
0.96 4.39813509545541
0.97 4.80705558081774
0.98 4.80182213032913
0.99 4.11548724280622
1 4.66748424348934
