54 3001 14
1 1 22 
1 2 22 39 
1 2 22 21 
1 2 22 23 
1 2 20 39 
1 3 20 39 40 
1 3 20 3 4 
1 3 20 21 4 
1 2 20 29 
1 4 20 39 40 41 
1 2 20 49 
1 2 1 39 
1 2 1 21 
1 4 1 2 40 41 
1 2 38 39 
1 2 38 3 
1 2 38 40 
1 4 38 39 40 41 
1 2 38 49 
1 1 13 
1 2 13 40 
1 2 13 33 
1 2 13 49 
1 1 14 
1 1 23 
1 2 23 5 
1 2 28 29 
1 3 28 40 41 
1 4 28 3 4 5 
1 2 28 24 
1 4 28 40 41 42 
1 3 28 33 34 
1 3 28 29 34 
1 2 3 52 
1 2 49 6 
1 2 49 43 
1 2 49 35 
1 2 40 52 
1 1 24 
1 5 33 34 35 36 37 
1 1 52 
1 2 52 37 
1 2 52 50 
1 2 52 8 
1 2 25 26 
1 2 36 32 
1 2 8 27 
1 2 26 10 
1 3 37 15 16 
1 2 50 0 
1 1 32 
1 2 32 12 
1 2 9 0 
1 3 9 10 12 
1 4 9 10 11 12 
1 3 9 18 19 
1 1 51 
1 2 15 0 
1 2 15 48 
1 3 15 16 12 
1 3 15 18 19 
1 3 15 16 19 
1 2 46 0 
1 2 46 48 
1 2 10 12 
1 2 47 48 
1 2 17 18 
1 1 16 
1 1 0 
1 2 18 19 
1 1 48 
1 2 22 49 
1 4 22 3 41 42 
1 3 22 23 42 
1 4 22 40 41 42 
1 3 22 23 34 
1 4 22 3 5 6 
1 5 22 3 4 5 6 
1 3 22 23 6 
1 4 22 40 41 6 
1 3 22 23 30 
1 5 22 3 4 42 43 
1 4 22 4 42 43 
1 4 22 23 42 43 
1 4 22 40 42 43 
1 3 22 49 43 
1 5 22 3 4 5 35 
1 4 22 4 34 35 
1 4 22 23 34 35 
1 4 22 33 34 35 
1 4 22 41 34 35 
1 5 22 39 41 42 35 
1 3 22 49 35 
1 3 22 21 52 
1 3 22 40 52 
1 5 22 3 4 6 7 
1 4 22 23 6 7 
1 4 22 4 6 7 
1 4 22 23 34 7 
1 5 22 39 40 34 7 
1 5 22 39 41 42 7 
1 3 22 49 7 
1 4 22 21 24 25 
1 4 22 21 33 25 
1 3 22 23 25 
1 5 22 21 24 43 44 
1 6 22 21 41 42 43 44 
1 4 22 5 6 44 
1 4 22 23 34 44 
1 4 22 23 42 44 
1 5 22 23 42 43 44 
1 5 22 39 5 6 44 
1 5 22 39 40 34 44 
1 5 22 39 41 42 44 
1 4 22 3 30 36 
1 5 22 3 42 43 36 
1 5 22 21 24 35 36 
1 6 22 21 41 42 43 36 
1 4 22 23 30 36 
1 5 22 23 34 35 36 
1 4 22 33 35 36 
1 5 22 23 42 43 36 
1 4 22 29 6 36 
1 4 22 29 43 36 
1 5 22 39 5 6 36 
1 5 22 39 40 34 36 
1 4 22 49 35 36 
1 4 22 49 43 36 
1 4 22 21 24 31 
1 4 22 21 30 31 
1 5 22 21 33 34 31 
1 5 22 4 5 6 31 
1 4 22 23 30 31 
1 4 22 23 42 31 
1 4 22 29 6 31 
1 4 22 3 5 53 
1 4 22 3 34 53 
1 4 22 3 42 53 
1 4 22 21 24 53 
1 5 22 21 33 34 53 
1 5 22 21 41 42 53 
1 4 22 4 5 53 
1 4 22 23 42 53 
1 3 22 23 53 
1 4 22 39 24 53 
1 5 22 39 40 34 53 
1 5 22 39 41 42 53 
1 5 22 3 4 25 37 
1 5 22 3 34 35 37 
1 4 22 3 52 37 
1 6 22 21 5 6 7 37 
1 4 22 21 52 37 
1 5 22 23 6 36 37 
1 4 22 23 25 37 
1 5 22 23 30 36 37 
1 5 22 23 34 36 37 
1 6 22 23 34 35 36 37 
1 6 22 23 42 43 44 37 
1 6 22 23 42 35 36 37 
1 5 22 23 43 36 37 
1 6 22 41 42 43 36 37 
1 3 22 52 37 
1 4 22 29 35 37 
1 4 22 33 7 37 
1 4 22 33 35 37 
1 4 22 33 44 37 
1 5 22 39 24 25 37 
1 7 22 39 41 42 43 44 37 
1 4 22 39 52 37 
1 5 22 3 4 25 50 
1 5 22 3 34 35 50 
1 5 22 3 42 43 50 
1 4 22 3 52 50 
1 4 22 21 25 50 
1 4 22 21 30 50 
1 4 22 21 52 50 
1 4 22 23 25 50 
1 5 22 23 34 35 50 
1 3 22 23 50 
1 3 22 52 50 
1 4 22 33 7 50 
1 4 22 33 35 50 
1 4 22 39 52 50 
1 3 22 49 50 
1 4 22 3 52 8 
1 5 22 21 5 6 8 
1 6 22 21 5 6 7 8 
1 4 22 21 30 8 
1 6 22 21 33 34 35 8 
1 5 22 21 42 43 8 
1 4 22 21 52 8 
1 5 22 23 6 7 8 
1 5 22 5 6 7 8 
1 4 22 23 30 8 
1 5 22 23 34 7 8 
1 5 22 33 34 35 8 
1 5 22 33 34 7 8 
1 5 22 33 6 7 8 
1 5 22 23 42 7 8 
1 3 22 52 8 
1 6 22 39 40 34 35 8 
1 6 22 39 40 42 43 8 
1 6 22 3 5 6 7 45 
1 6 22 21 5 6 7 45 
1 4 22 21 25 45 
1 4 22 21 30 45 
1 5 22 21 34 35 45 
1 5 22 21 42 43 45 
1 4 22 21 52 45 
1 5 22 23 6 44 45 
1 4 22 23 30 45 
1 5 22 23 34 44 45 
1 5 22 23 42 44 45 
1 6 22 23 42 43 44 45 
1 3 22 52 45 
1 4 22 29 25 45 
1 6 22 39 5 6 7 45 
1 6 22 39 40 34 35 45 
1 6 22 39 40 42 43 45 
1 4 22 3 30 26 
1 4 22 21 25 26 
1 4 22 21 30 26 
1 5 22 21 34 35 26 
1 5 22 21 42 43 26 
1 4 22 23 25 26 
1 4 22 23 30 26 
1 5 22 23 34 35 26 
1 4 22 33 35 26 
1 3 22 49 26 
1 3 20 21 41 
1 3 20 21 5 
1 3 20 21 24 
1 3 20 29 34 
1 4 20 21 4 6 
1 5 20 3 4 5 6 
1 4 20 21 5 6 
1 3 20 29 6 
1 4 20 3 4 30 
1 4 20 39 40 30 
1 5 20 3 4 42 43 
1 5 20 40 41 42 43 
1 3 20 29 43 
1 4 20 39 24 43 
1 4 20 39 33 43 
1 5 20 39 41 42 43 
1 5 20 39 40 41 43 
1 5 20 3 4 34 35 
1 5 20 21 33 34 35 
1 5 20 21 41 34 35 
1 5 20 40 41 34 35 
1 3 20 29 35 
1 4 20 39 24 35 
1 5 20 39 40 34 35 
1 5 20 39 40 41 35 
1 4 20 39 33 35 
1 5 20 39 41 42 35 
1 3 20 3 52 
1 3 20 21 52 
1 5 20 3 4 6 7 
1 5 20 21 33 6 7 
1 5 20 40 41 6 7 
1 5 20 39 5 6 7 
1 5 20 39 40 41 7 
1 4 20 39 24 7 
1 5 20 39 40 34 7 
1 5 20 39 41 42 7 
1 4 20 21 4 25 
1 4 20 21 24 25 
1 4 20 21 41 25 
1 4 20 39 33 25 
1 4 20 39 41 25 
1 6 20 3 4 5 43 44 
1 6 20 3 41 42 43 44 
1 5 20 21 5 43 44 
1 5 20 4 42 43 44 
1 5 20 21 33 43 44 
1 5 20 21 41 42 44 
1 5 20 40 42 43 44 
1 5 20 39 5 6 44 
1 5 20 39 24 43 44 
1 5 20 39 40 34 44 
1 5 20 39 41 42 44 
1 6 20 39 41 42 43 44 
1 4 20 3 30 36 
1 5 20 4 5 6 36 
1 5 20 4 34 35 36 
1 4 20 21 30 36 
1 4 20 29 6 36 
1 4 20 29 35 36 
1 4 20 29 43 36 
1 5 20 21 33 35 36 
1 5 20 39 5 6 36 
1 5 20 39 24 35 36 
1 5 20 39 40 30 36 
1 5 20 39 40 34 36 
1 6 20 39 40 34 35 36 
1 5 20 39 33 34 36 
1 6 20 39 41 42 43 36 
1 4 20 21 4 31 
1 4 20 3 34 31 
1 4 20 3 42 31 
1 4 20 29 6 31 
1 4 20 21 33 31 
1 5 20 39 5 6 31 
1 4 20 39 24 31 
1 5 20 39 40 41 31 
1 5 20 39 40 34 31 
1 5 20 39 41 42 31 
1 4 20 3 5 53 
1 4 20 3 34 53 
1 4 20 3 42 53 
1 4 20 3 4 53 
1 4 20 21 4 53 
1 3 20 21 53 
1 4 20 39 24 53 
1 5 20 39 40 34 53 
1 5 20 39 41 42 53 
1 5 20 39 40 41 53 
1 6 20 21 4 6 7 37 
1 5 20 21 4 25 37 
1 5 20 3 30 36 37 
1 5 20 21 4 35 37 
1 6 20 21 4 35 36 37 
1 6 20 21 4 43 44 37 
1 6 20 21 5 6 36 37 
1 5 20 21 24 25 37 
1 6 20 21 24 35 36 37 
1 6 20 21 33 34 35 37 
1 6 20 21 33 34 36 37 
1 7 20 21 33 34 35 36 37 
1 7 20 21 41 42 43 44 37 
1 7 20 21 41 42 43 36 37 
1 7 20 21 41 42 35 36 37 
1 7 20 21 41 34 35 36 37 
1 4 20 21 52 37 
1 4 20 29 35 37 
1 5 20 21 33 7 37 
1 5 20 21 33 35 37 
1 6 20 21 33 35 36 37 
1 6 20 39 5 6 7 37 
1 6 20 39 40 34 35 37 
1 6 20 39 40 41 35 37 
1 6 20 39 40 41 36 37 
1 4 20 49 7 37 
1 4 20 49 35 37 
1 6 20 21 4 6 7 50 
1 5 20 21 4 25 50 
1 4 20 3 30 50 
1 5 20 21 4 35 50 
1 5 20 21 4 43 50 
1 6 20 21 33 34 35 50 
1 6 20 21 41 42 43 50 
1 4 20 21 52 50 
1 4 20 29 35 50 
1 4 20 29 43 50 
1 3 20 29 50 
1 6 20 39 5 6 7 50 
1 5 20 39 40 25 50 
1 5 20 39 40 30 50 
1 6 20 39 40 34 35 50 
1 6 20 39 41 42 43 50 
1 5 20 39 40 41 50 
1 4 20 49 7 50 
1 4 20 49 35 50 
1 4 20 49 43 50 
1 5 20 21 4 6 8 
1 5 20 21 4 35 8 
1 5 20 21 4 43 8 
1 5 20 21 5 7 8 
1 5 20 21 42 7 8 
1 4 20 21 52 8 
1 4 20 29 6 8 
1 5 20 29 6 7 8 
1 4 20 29 35 8 
1 4 20 29 43 8 
1 5 20 21 33 35 8 
1 6 20 39 5 6 7 8 
1 6 20 39 40 41 7 8 
1 5 20 39 40 30 8 
1 6 20 39 40 34 35 8 
1 6 20 39 40 42 43 8 
1 4 20 49 7 8 
1 4 20 49 35 8 
1 4 20 49 43 8 
1 6 20 21 4 6 7 45 
1 5 20 21 4 25 45 
1 6 20 21 4 43 44 45 
1 6 20 21 5 6 7 45 
1 6 20 21 5 6 44 45 
1 6 20 21 5 43 44 45 
1 6 20 21 42 43 44 45 
1 5 20 29 6 7 45 
1 4 20 29 35 45 
1 4 20 29 43 45 
1 5 20 29 43 44 45 
1 5 20 21 33 7 45 
1 5 20 21 33 35 45 
1 5 20 21 33 44 45 
1 6 20 39 5 6 7 45 
1 6 20 39 40 34 35 45 
1 6 20 39 40 42 43 45 
1 7 20 39 40 42 43 44 45 
1 7 20 39 40 41 43 44 45 
1 4 20 21 41 45 
1 4 20 39 52 45 
1 4 20 49 7 45 
1 4 20 49 35 45 
1 4 20 49 43 45 
1 5 20 21 4 25 26 
1 4 20 29 6 26 
1 4 20 29 25 26 
1 4 20 29 35 26 
1 4 20 29 43 26 
1 4 20 21 33 26 
1 5 20 39 40 6 26 
1 5 20 39 40 25 26 
1 5 20 39 40 30 26 
1 6 20 39 40 34 35 26 
1 6 20 39 40 42 43 26 
1 4 20 49 35 26 
1 4 20 49 43 26 
1 3 1 21 41 
1 3 1 21 5 
1 4 1 21 41 42 
1 3 1 29 34 
1 4 1 21 33 34 
1 4 1 21 41 34 
1 4 1 21 5 6 
1 4 1 21 33 6 
1 4 1 21 41 6 
1 3 1 29 30 
1 4 1 2 3 30 
1 3 1 29 43 
1 4 1 21 5 43 
1 4 1 21 33 43 
1 4 1 21 41 43 
1 4 1 39 24 43 
1 3 1 49 43 
1 5 1 2 3 34 35 
1 5 1 2 33 34 35 
1 4 1 21 5 35 
1 4 1 21 33 35 
1 4 1 39 24 35 
1 5 1 2 40 41 35 
1 3 1 49 35 
1 4 1 2 3 52 
1 3 1 21 52 
1 6 1 3 4 5 6 7 
1 5 1 2 33 34 7 
1 4 1 21 5 7 
1 5 1 2 40 41 7 
1 5 1 2 3 41 7 
1 4 1 39 24 7 
1 3 1 49 7 
1 3 1 29 25 
1 4 1 21 24 25 
1 4 1 21 41 25 
1 6 1 2 3 5 43 44 
1 6 1 3 4 5 6 44 
1 6 1 3 4 5 43 44 
1 6 1 3 4 42 43 44 
1 6 1 3 41 42 43 44 
1 4 1 3 34 44 
1 5 1 2 33 34 44 
1 6 1 2 3 4 5 44 
1 5 1 2 41 43 44 
1 5 1 39 24 43 44 
1 6 1 39 41 42 43 44 
1 6 1 39 40 41 43 44 
1 5 1 2 40 41 44 
1 6 1 2 4 34 35 36 
1 6 1 2 3 34 35 36 
1 6 1 2 41 34 35 36 
1 5 1 39 24 35 36 
1 5 1 39 40 30 36 
1 6 1 2 40 41 35 36 
1 6 1 39 40 41 35 36 
1 5 1 3 5 6 31 
1 5 1 2 4 30 31 
1 4 1 29 6 31 
1 5 1 39 5 6 31 
1 4 1 39 24 31 
1 5 1 2 3 41 31 
1 5 1 39 40 34 31 
1 5 1 39 41 42 31 
1 5 1 3 4 5 53 
1 4 1 21 5 53 
1 4 1 21 24 53 
1 5 1 21 33 34 53 
1 5 1 21 41 42 53 
1 7 1 2 3 5 6 36 37 
1 7 1 2 3 4 6 7 37 
1 7 1 2 3 4 5 7 37 
1 5 1 3 30 36 37 
1 7 1 2 3 34 35 36 37 
1 7 1 2 3 4 35 36 37 
1 7 1 2 3 4 5 36 37 
1 6 1 3 42 43 44 37 
1 7 1 2 3 42 43 36 37 
1 7 1 2 3 4 43 44 37 
1 5 1 2 3 52 37 
1 5 1 21 30 36 37 
1 6 1 21 33 34 35 37 
1 4 1 21 52 37 
1 5 1 2 33 7 37 
1 5 1 2 33 35 37 
1 5 1 2 33 44 37 
1 7 1 39 40 34 35 36 37 
1 7 1 2 3 41 35 36 37 
1 7 1 2 3 41 43 44 37 
1 4 1 49 7 37 
1 4 1 49 35 37 
1 6 1 2 3 5 7 50 
1 6 1 2 3 4 7 50 
1 6 1 2 3 4 5 50 
1 5 1 2 3 52 50 
1 4 1 21 25 50 
1 6 1 21 33 34 35 50 
1 4 1 21 52 50 
1 5 1 29 6 7 50 
1 4 1 29 35 50 
1 4 1 29 43 50 
1 5 1 2 33 7 50 
1 5 1 2 33 35 50 
1 6 1 2 3 41 7 50 
1 5 1 39 40 25 50 
1 6 1 2 3 41 35 50 
1 6 1 2 3 41 43 50 
1 5 1 2 40 41 50 
1 5 1 2 3 41 50 
1 4 1 49 7 50 
1 4 1 49 35 50 
1 4 1 49 43 50 
1 3 1 49 50 
1 6 1 2 3 5 6 8 
1 4 1 3 30 8 
1 6 1 2 3 34 7 8 
1 6 1 2 3 42 7 8 
1 5 1 2 42 43 8 
1 5 1 2 3 52 8 
1 5 1 21 5 6 8 
1 5 1 21 42 43 8 
1 4 1 21 52 8 
1 5 1 2 33 35 8 
1 5 1 39 5 6 8 
1 6 1 39 40 41 7 8 
1 5 1 39 40 30 8 
1 6 1 2 3 41 35 8 
1 6 1 2 3 41 43 8 
1 4 1 49 7 8 
1 4 1 49 35 8 
1 4 1 49 43 8 
1 6 1 2 3 5 7 45 
1 5 1 2 4 7 45 
1 4 1 3 30 45 
1 5 1 3 34 35 45 
1 6 1 2 3 34 44 45 
1 5 1 2 34 35 45 
1 5 1 3 42 43 45 
1 6 1 3 4 5 44 45 
1 6 1 2 3 42 44 45 
1 6 1 21 5 6 7 45 
1 5 1 21 34 35 45 
1 5 1 21 42 43 45 
1 6 1 21 42 43 44 45 
1 4 1 21 52 45 
1 6 1 2 3 41 7 45 
1 5 1 39 40 25 45 
1 5 1 39 40 30 45 
1 6 1 39 40 41 43 45 
1 6 1 2 3 41 44 45 
1 4 1 49 7 45 
1 4 1 49 35 45 
1 4 1 49 43 45 
1 5 1 2 4 6 26 
1 5 1 3 4 25 26 
1 5 1 2 4 5 26 
1 4 1 3 30 26 
1 5 1 3 34 35 26 
1 5 1 3 42 43 26 
1 4 1 21 25 26 
1 4 1 21 30 26 
1 5 1 21 34 35 26 
1 5 1 21 42 43 26 
1 5 1 2 33 35 26 
1 5 1 39 40 6 26 
1 5 1 39 40 25 26 
1 5 1 39 40 30 26 
1 4 1 49 35 26 
1 4 1 49 43 26 
1 7 1 2 3 4 5 31 9 
1 8 1 2 3 34 35 36 37 9 
1 8 1 2 3 4 5 36 37 9 
1 6 1 2 4 36 37 9 
1 4 1 21 25 9 
1 4 1 21 53 9 
1 7 1 2 33 35 36 37 9 
1 5 1 39 40 25 9 
1 8 1 2 3 41 35 36 37 9 
1 4 1 49 7 9 
1 3 1 49 9 
1 6 1 49 35 36 37 9 
1 4 38 39 33 34 
1 3 38 29 6 
1 5 38 3 4 5 6 
1 5 38 3 4 5 43 
1 5 38 3 41 42 43 
1 5 38 39 41 42 43 
1 5 38 39 40 42 43 
1 5 38 39 40 41 43 
1 5 38 40 41 42 43 
1 4 38 39 33 35 
1 5 38 3 4 5 35 
1 5 38 39 40 34 35 
1 5 38 39 40 41 35 
1 5 38 39 41 34 35 
1 5 38 40 41 34 35 
1 5 38 3 4 5 7 
1 5 38 39 40 5 7 
1 5 38 3 5 6 7 
1 5 38 39 5 6 7 
1 5 38 39 40 6 7 
1 5 38 39 40 41 7 
1 5 38 39 41 6 7 
1 5 38 40 41 42 7 
1 5 38 40 5 6 7 
1 3 38 49 25 
1 5 38 39 4 6 44 
1 5 38 3 4 5 44 
1 5 38 39 40 5 44 
1 5 38 39 5 43 44 
1 5 38 4 42 43 44 
1 5 38 39 41 42 44 
1 5 38 40 41 43 44 
1 5 38 39 4 6 36 
1 5 38 3 4 5 36 
1 5 38 39 40 5 36 
1 5 38 39 4 43 36 
1 5 38 39 5 35 36 
1 5 38 4 5 6 36 
1 5 38 4 5 35 36 
1 5 38 4 34 35 36 
1 4 38 40 30 36 
1 5 38 39 40 34 36 
1 6 38 39 40 34 35 36 
1 5 38 39 33 35 36 
1 6 38 39 33 34 35 36 
1 5 38 39 41 43 36 
1 5 38 39 40 43 36 
1 5 38 39 4 6 31 
1 5 38 39 40 5 31 
1 5 38 39 40 6 31 
1 4 38 4 30 31 
1 5 38 39 40 30 31 
1 5 38 39 40 41 31 
1 5 38 39 41 42 31 
1 3 38 49 31 
1 5 38 39 40 5 53 
1 4 38 39 24 53 
1 5 38 39 41 42 53 
1 5 38 39 40 41 53 
1 3 38 49 53 
1 5 38 3 30 36 37 
1 5 38 39 24 7 37 
1 5 38 39 24 44 37 
1 5 38 29 6 7 37 
1 5 38 29 43 44 37 
1 6 38 4 5 6 7 37 
1 6 38 4 5 6 36 37 
1 6 38 4 5 35 36 37 
1 6 38 4 34 35 36 37 
1 5 38 40 30 36 37 
1 6 38 39 33 34 35 37 
1 6 38 39 33 34 36 37 
1 6 38 39 33 35 36 37 
1 7 38 39 41 42 43 36 37 
1 7 38 39 41 42 35 36 37 
1 6 38 39 4 6 7 50 
1 4 38 3 4 50 
1 4 38 40 30 50 
1 6 38 39 41 42 43 50 
1 5 38 39 4 6 8 
1 6 38 3 4 5 7 8 
1 4 38 39 4 8 
1 4 38 3 30 8 
1 5 38 39 4 35 8 
1 5 38 39 4 43 8 
1 4 38 40 6 8 
1 5 38 39 5 6 8 
1 6 38 39 5 6 7 8 
1 6 38 39 40 6 7 8 
1 5 38 39 41 35 8 
1 5 38 39 41 43 8 
1 5 38 39 42 43 8 
1 6 38 39 4 6 7 45 
1 5 38 39 4 35 45 
1 5 38 3 42 43 45 
1 5 38 39 4 43 45 
1 6 38 3 4 5 44 45 
1 6 38 39 40 5 44 45 
1 5 38 39 4 5 45 
1 4 38 29 35 45 
1 4 38 29 43 45 
1 5 38 39 41 7 45 
1 6 38 39 5 6 7 45 
1 6 38 39 5 6 44 45 
1 6 38 39 5 43 44 45 
1 6 38 39 40 6 44 45 
1 4 38 40 7 45 
1 5 38 39 41 35 45 
1 5 38 39 34 35 45 
1 5 38 39 41 43 45 
1 6 38 39 40 42 43 45 
1 5 38 39 42 44 45 
1 4 38 39 52 45 
1 4 38 3 30 26 
1 3 38 49 26 
1 4 38 3 4 9 
1 6 38 39 4 43 44 9 
1 5 38 39 24 7 9 
1 5 38 39 24 44 9 
1 5 38 39 33 31 9 
1 4 38 39 41 9 
1 5 38 39 41 31 9 
1 8 38 39 40 34 35 36 37 9 
1 6 38 39 41 43 44 9 
1 6 38 49 35 36 37 9 
1 4 38 49 53 9 
1 6 38 3 4 43 45 46 
1 6 38 39 4 43 45 46 
1 6 38 39 40 5 50 46 
1 5 38 39 24 31 46 
1 5 38 39 24 44 46 
1 6 38 29 6 7 45 46 
1 5 38 29 25 45 46 
1 5 38 39 33 53 46 
1 4 38 40 8 46 
1 6 38 39 40 25 45 46 
1 5 38 39 41 31 46 
1 8 38 39 40 41 35 36 37 46 
1 6 38 39 41 43 44 46 
1 6 38 39 41 43 45 46 
1 8 38 39 40 41 43 44 45 46 
1 6 38 39 40 43 44 46 
1 6 38 40 41 44 45 46 
1 5 38 39 41 53 46 
1 5 38 49 7 45 46 
1 6 38 49 35 36 37 46 
1 5 38 49 43 45 46 
1 6 38 49 43 44 45 46 
1 4 13 40 41 42 
1 4 13 4 5 6 
1 4 13 40 41 6 
1 2 13 30 
1 4 13 4 5 43 
1 3 13 24 43 
1 5 13 40 41 42 43 
1 3 13 49 43 
1 3 13 49 35 
1 3 13 40 52 
1 2 13 52 
1 4 13 4 6 7 
1 5 13 4 5 6 7 
1 3 13 24 7 
1 3 13 49 7 
1 4 13 5 6 44 
1 4 13 24 43 44 
1 6 13 40 41 42 43 44 
1 5 13 4 5 6 36 
1 5 13 4 5 35 36 
1 4 13 24 35 36 
1 6 13 40 41 42 43 36 
1 6 13 40 41 42 35 36 
1 6 13 40 41 34 35 36 
1 5 13 41 42 43 36 
1 5 13 41 42 35 36 
1 5 13 40 42 43 36 
1 4 13 41 42 31 
1 4 13 29 6 31 
1 3 13 33 31 
1 4 13 40 6 31 
1 4 13 3 5 53 
1 4 13 3 34 53 
1 4 13 3 42 53 
1 2 13 53 
1 5 13 3 4 25 37 
1 5 13 3 30 36 37 
1 4 13 3 52 37 
1 6 13 4 5 6 7 37 
1 6 13 4 5 6 36 37 
1 6 13 4 5 35 36 37 
1 6 13 4 34 35 36 37 
1 6 13 33 34 35 36 37 
1 6 13 41 42 43 44 37 
1 6 13 41 42 43 36 37 
1 6 13 41 42 35 36 37 
1 6 13 41 34 35 36 37 
1 3 13 52 37 
1 4 13 24 7 37 
1 4 13 24 44 37 
1 5 13 29 6 7 37 
1 4 13 29 25 37 
1 5 13 29 35 36 37 
1 5 13 29 43 44 37 
1 6 13 40 41 35 36 37 
1 6 13 40 42 43 44 37 
1 5 13 3 4 25 50 
1 4 13 3 52 50 
1 3 13 52 50 
1 3 13 24 50 
1 5 13 29 6 7 50 
1 4 13 29 25 50 
1 3 13 49 50 
1 5 13 5 6 7 8 
1 5 13 33 34 35 8 
1 5 13 33 34 7 8 
1 5 13 33 6 7 8 
1 3 13 52 8 
1 4 13 24 7 8 
1 5 13 29 6 7 8 
1 4 13 40 30 8 
1 5 13 40 34 35 8 
1 5 13 40 42 43 8 
1 5 13 3 4 25 45 
1 4 13 3 52 45 
1 5 13 5 6 7 45 
1 5 13 5 6 44 45 
1 5 13 5 43 44 45 
1 3 13 25 45 
1 5 13 42 43 44 45 
1 3 13 52 45 
1 4 13 24 7 45 
1 4 13 24 44 45 
1 5 13 29 6 7 45 
1 4 13 29 35 45 
1 4 13 29 43 45 
1 5 13 29 43 44 45 
1 5 13 40 6 7 45 
1 4 13 40 25 45 
1 4 13 40 30 45 
1 5 13 40 34 35 45 
1 5 13 40 42 43 45 
1 4 13 40 30 26 
1 5 13 40 34 35 26 
1 5 13 40 42 43 26 
1 5 13 3 4 25 9 
1 6 13 3 4 5 31 9 
1 3 13 24 9 
1 5 13 29 6 7 9 
1 4 13 29 25 9 
1 4 13 29 31 9 
1 5 13 29 43 44 9 
1 4 13 29 53 9 
1 6 13 40 41 42 31 9 
1 3 13 49 9 
1 6 13 49 35 36 37 9 
1 6 13 3 4 5 31 46 
1 7 13 3 4 35 36 37 46 
1 6 13 3 4 5 45 46 
1 6 13 3 4 5 50 46 
1 5 13 6 7 8 46 
1 5 13 6 7 45 46 
1 5 13 6 44 45 46 
1 4 13 25 45 46 
1 5 13 43 44 45 46 
1 4 13 29 31 46 
1 5 13 33 7 45 46 
1 5 13 33 44 45 46 
1 6 13 40 6 7 45 46 
1 6 13 40 41 43 45 46 
1 5 13 40 41 53 46 
1 6 13 49 35 36 37 46 
1 6 13 49 43 44 45 46 
1 5 13 3 4 25 15 
1 6 13 3 4 5 31 15 
1 6 13 3 4 43 44 15 
1 3 13 24 15 
1 3 13 29 15 
1 4 13 29 53 15 
1 4 13 33 53 15 
1 6 13 40 41 42 31 15 
1 7 13 40 41 35 36 37 15 
1 5 13 49 7 8 15 
1 3 13 49 15 
1 6 13 49 35 36 37 15 
1 3 14 4 30 
1 5 14 40 41 42 43 
1 3 14 49 43 
1 4 14 33 34 35 
1 5 14 40 41 34 35 
1 4 14 41 34 35 
1 3 14 49 35 
1 5 14 4 5 6 7 
1 4 14 33 6 7 
1 5 14 40 41 42 7 
1 5 14 40 5 6 7 
1 4 14 40 34 7 
1 3 14 49 7 
1 3 14 4 25 
1 5 14 4 5 43 44 
1 4 14 33 34 44 
1 5 14 40 41 43 44 
1 4 14 40 34 44 
1 4 14 49 43 44 
1 5 14 4 5 6 36 
1 5 14 4 5 35 36 
1 5 14 4 34 35 36 
1 4 14 33 34 36 
1 5 14 41 42 43 36 
1 5 14 41 42 35 36 
1 5 14 41 34 35 36 
1 4 14 33 35 36 
1 4 14 40 34 36 
1 5 14 40 42 43 36 
1 4 14 49 35 36 
1 4 14 49 43 36 
1 4 14 4 6 31 
1 4 14 4 30 31 
1 3 14 30 31 
1 4 14 41 42 31 
1 3 14 24 31 
1 4 14 40 6 31 
1 4 14 40 34 31 
1 4 14 40 42 31 
1 3 14 49 31 
1 4 14 4 5 53 
1 3 14 24 53 
1 4 14 33 34 53 
1 4 14 41 42 53 
1 4 14 40 34 53 
1 4 14 40 42 53 
1 4 14 4 35 37 
1 6 14 4 5 6 7 37 
1 6 14 4 5 6 36 37 
1 6 14 4 5 35 36 37 
1 4 14 24 25 37 
1 6 14 41 42 43 44 37 
1 6 14 41 42 43 36 37 
1 6 14 41 42 35 36 37 
1 3 14 52 37 
1 4 14 33 7 37 
1 4 14 33 35 37 
1 5 14 33 35 36 37 
1 4 14 33 44 37 
1 4 14 49 7 37 
1 4 14 49 35 37 
1 4 14 4 35 50 
1 4 14 4 43 50 
1 3 14 30 50 
1 5 14 41 42 43 50 
1 3 14 52 50 
1 4 14 33 7 50 
1 4 14 33 35 50 
1 4 14 33 34 50 
1 4 14 49 7 50 
1 4 14 49 35 50 
1 4 14 49 43 50 
1 3 14 49 50 
1 4 14 4 6 8 
1 4 14 4 35 8 
1 4 14 4 43 8 
1 4 14 5 7 8 
1 5 14 5 6 7 8 
1 5 14 33 34 35 8 
1 5 14 33 34 7 8 
1 5 14 33 6 7 8 
1 4 14 42 7 8 
1 3 14 52 8 
1 4 14 24 7 8 
1 4 14 33 35 8 
1 4 14 40 6 8 
1 4 14 40 30 8 
1 5 14 40 34 35 8 
1 5 14 40 42 43 8 
1 4 14 4 25 45 
1 4 14 24 7 45 
1 4 14 24 44 45 
1 4 14 33 7 45 
1 4 14 33 35 45 
1 4 14 33 44 45 
1 4 14 40 25 45 
1 4 14 40 30 45 
1 4 14 4 6 26 
1 4 14 4 35 26 
1 4 14 4 43 26 
1 4 14 40 6 26 
1 5 14 4 6 7 9 
1 5 14 4 43 44 9 
1 5 14 4 5 53 9 
1 4 14 6 7 9 
1 3 14 53 9 
1 4 14 33 7 9 
1 4 14 33 34 9 
1 4 14 33 44 9 
1 5 14 40 41 42 9 
1 5 14 40 41 53 9 
1 4 14 49 7 9 
1 3 14 49 9 
1 6 14 4 6 7 45 46 
1 4 14 25 45 46 
1 4 14 43 44 46 
1 4 14 24 31 46 
1 5 14 33 7 45 46 
1 4 14 33 31 46 
1 4 14 33 44 46 
1 5 14 33 44 45 46 
1 4 14 33 53 46 
1 6 14 40 6 7 45 46 
1 6 14 40 41 42 31 46 
1 6 14 40 41 43 45 46 
1 4 14 40 44 46 
1 4 14 49 44 46 
1 4 14 49 50 46 
1 6 14 4 6 7 8 15 
1 5 14 4 5 53 15 
1 5 14 6 7 8 15 
1 5 14 35 36 37 15 
1 3 14 53 15 
1 5 14 33 7 8 15 
1 4 14 33 34 15 
1 4 14 33 44 15 
1 6 14 40 6 7 8 15 
1 5 14 40 41 53 15 
1 3 14 49 15 
1 2 23 42 
1 2 23 34 
1 2 23 6 
1 2 23 30 
1 3 23 42 43 
1 3 23 34 35 
1 3 23 6 7 
1 3 23 42 7 
1 2 23 25 
1 3 23 6 44 
1 3 23 42 44 
1 4 23 42 43 44 
1 3 23 5 36 
1 3 23 30 36 
1 4 23 34 35 36 
1 4 23 42 35 36 
1 3 23 34 36 
1 3 23 5 31 
1 3 23 30 31 
1 3 23 42 31 
1 3 23 5 53 
1 3 23 42 53 
1 2 23 53 
1 4 23 5 7 37 
1 4 23 5 44 37 
1 4 23 6 36 37 
1 3 23 25 37 
1 4 23 30 36 37 
1 5 23 34 35 36 37 
1 5 23 42 43 44 37 
1 5 23 42 35 36 37 
1 4 23 43 36 37 
1 4 23 34 36 37 
1 4 23 42 44 37 
1 4 23 5 7 50 
1 4 23 6 7 50 
1 3 23 30 50 
1 4 23 42 43 50 
1 2 23 50 
1 3 23 34 50 
1 3 23 6 8 
1 4 23 6 7 8 
1 4 23 34 35 8 
1 4 23 42 43 8 
1 4 23 5 7 45 
1 4 23 6 7 45 
1 3 23 25 45 
1 4 23 34 35 45 
1 4 23 42 44 45 
1 5 23 42 43 44 45 
1 3 23 5 26 
1 3 23 25 26 
1 3 23 30 26 
1 4 23 34 35 26 
1 4 23 5 7 9 
1 4 23 5 31 9 
1 5 23 5 36 37 9 
1 4 23 5 44 9 
1 4 23 5 53 9 
1 3 23 25 9 
1 3 23 31 9 
1 6 23 34 35 36 37 9 
1 3 23 53 9 
1 5 23 34 36 37 9 
1 3 23 42 9 
1 4 23 42 31 9 
1 5 23 42 36 37 9 
1 4 23 42 44 9 
1 5 23 5 7 45 46 
1 4 23 5 31 46 
1 5 23 5 36 37 46 
1 4 23 5 44 46 
1 4 23 5 50 46 
1 4 23 5 53 46 
1 5 23 6 7 45 46 
1 5 23 6 44 45 46 
1 4 23 25 45 46 
1 4 23 35 45 46 
1 4 23 43 44 46 
1 5 23 43 44 45 46 
1 3 23 50 46 
1 4 23 34 8 46 
1 5 23 34 36 37 46 
1 4 23 34 45 46 
1 4 23 34 50 46 
1 4 23 42 8 46 
1 4 23 42 31 46 
1 5 23 42 36 37 46 
1 4 23 42 44 46 
1 4 23 42 50 46 
1 5 23 5 7 8 15 
1 3 23 5 15 
1 4 23 5 31 15 
1 5 23 5 36 37 15 
1 4 23 5 44 15 
1 4 23 5 53 15 
1 5 23 6 7 8 15 
1 3 23 31 15 
1 5 23 35 36 37 15 
1 3 23 53 15 
1 4 23 34 8 15 
1 3 23 34 15 
1 5 23 34 36 37 15 
1 4 23 42 8 15 
1 3 23 42 15 
1 4 23 42 31 15 
1 5 23 42 36 37 15 
1 4 23 42 44 15 
1 4 2 3 5 6 
1 4 2 3 4 6 
1 3 2 3 30 
1 4 2 3 5 43 
1 4 2 3 42 43 
1 4 2 3 4 43 
1 4 2 3 4 35 
1 4 2 33 34 35 
1 4 2 40 34 35 
1 3 2 3 52 
1 4 2 33 6 7 
1 4 2 40 34 7 
1 4 2 3 4 25 
1 4 2 40 6 44 
1 4 2 40 34 44 
1 4 2 40 42 44 
1 4 2 3 30 36 
1 4 2 33 35 36 
1 4 2 40 30 36 
1 4 2 40 34 36 
1 5 2 4 5 6 31 
1 5 2 3 4 5 31 
1 3 2 33 31 
1 5 2 40 41 42 31 
1 5 2 3 4 42 31 
1 5 2 3 41 42 31 
1 5 2 24 35 36 37 
1 4 2 3 52 37 
1 4 2 33 7 37 
1 4 2 33 35 37 
1 4 2 33 44 37 
1 5 2 40 30 36 37 
1 4 2 3 30 50 
1 4 2 4 35 50 
1 4 2 4 43 50 
1 4 2 3 52 50 
1 4 2 33 7 50 
1 4 2 33 35 50 
1 4 2 40 30 50 
1 5 2 3 5 6 8 
1 6 2 3 5 6 7 8 
1 6 2 3 4 6 7 8 
1 6 2 3 4 5 6 8 
1 5 2 3 42 7 8 
1 5 2 3 4 42 8 
1 4 2 40 30 8 
1 5 2 3 5 7 45 
1 6 2 3 4 6 44 45 
1 4 2 4 25 45 
1 4 2 3 30 45 
1 5 2 3 42 43 45 
1 6 2 3 4 43 44 45 
1 6 2 3 4 5 44 45 
1 5 2 3 4 34 45 
1 5 2 3 41 7 45 
1 4 2 40 25 45 
1 4 2 40 30 45 
1 5 2 3 41 35 45 
1 5 2 3 41 43 45 
1 4 2 4 6 26 
1 5 2 4 5 6 26 
1 5 2 3 5 6 26 
1 4 2 4 35 26 
1 4 2 4 43 26 
1 4 2 33 34 26 
1 4 2 33 35 26 
1 4 2 40 6 26 
1 4 2 40 25 26 
1 5 2 3 41 42 26 
1 4 2 40 30 26 
1 4 2 4 25 9 
1 5 2 24 36 37 9 
1 4 2 33 7 9 
1 4 2 33 44 9 
1 4 2 40 25 9 
1 5 2 3 5 31 46 
1 5 2 4 43 45 46 
1 6 2 3 4 43 45 46 
1 4 2 4 44 46 
1 4 2 33 44 46 
1 4 2 4 25 15 
1 4 2 24 31 15 
1 5 2 24 36 37 15 
1 4 2 40 25 15 
1 2 21 52 
1 6 21 41 42 43 44 37 
1 6 21 41 42 43 36 37 
1 6 21 41 42 35 36 37 
1 6 21 41 34 35 36 37 
1 3 21 52 37 
1 3 21 52 50 
1 3 21 52 8 
1 3 21 52 45 
1 5 21 4 5 53 9 
1 4 21 24 31 9 
1 5 21 24 36 37 9 
1 4 21 33 7 9 
1 4 21 33 34 9 
1 4 21 33 44 9 
1 6 21 4 35 36 37 46 
1 4 21 24 31 46 
1 6 21 41 35 36 37 46 
1 5 21 4 5 53 15 
1 4 21 24 31 15 
1 5 21 24 36 37 15 
1 5 21 33 7 8 15 
1 5 21 41 7 8 15 
1 6 21 4 5 6 26 17 
1 5 21 4 5 31 17 
1 5 21 4 5 53 17 
1 3 21 26 17 
1 4 28 3 5 6 
1 3 28 29 6 
1 3 28 3 30 
1 4 28 3 5 43 
1 3 28 29 43 
1 4 28 3 5 35 
1 4 28 3 42 35 
1 3 28 29 35 
1 4 28 3 5 7 
1 4 28 3 34 7 
1 4 28 3 42 7 
1 3 28 24 7 
1 4 28 29 6 7 
1 3 28 29 25 
1 5 28 3 5 6 44 
1 4 28 3 34 44 
1 4 28 3 42 44 
1 3 28 24 44 
1 4 28 29 43 44 
1 4 28 3 30 36 
1 4 28 3 34 36 
1 3 28 24 36 
1 4 28 29 35 36 
1 4 28 29 34 36 
1 4 28 40 6 31 
1 4 28 40 42 31 
1 3 28 29 53 
1 4 28 40 34 53 
1 4 28 40 42 53 
1 6 28 3 5 6 7 37 
1 5 28 3 34 35 37 
1 6 28 3 34 35 36 37 
1 6 28 3 42 43 44 37 
1 4 28 3 52 37 
1 5 28 29 34 36 37 
1 5 28 40 30 36 37 
1 4 28 3 30 50 
1 5 28 3 34 35 50 
1 5 28 3 42 43 50 
1 4 28 3 52 50 
1 5 28 29 6 7 50 
1 4 28 33 7 50 
1 5 28 3 5 6 8 
1 4 28 3 30 8 
1 5 28 3 34 35 8 
1 5 28 3 42 43 8 
1 5 28 29 6 7 8 
1 4 28 29 30 8 
1 4 28 33 7 8 
1 4 28 33 35 8 
1 4 28 40 6 8 
1 5 28 40 42 43 8 
1 4 28 3 30 45 
1 5 28 3 34 35 45 
1 4 28 3 52 45 
1 5 28 29 6 7 45 
1 5 28 29 6 44 45 
1 5 28 29 43 44 45 
1 4 28 29 30 45 
1 5 28 3 4 6 26 
1 5 28 3 34 35 26 
1 5 28 3 42 43 26 
1 4 28 29 6 26 
1 4 28 29 25 26 
1 4 28 29 30 26 
1 4 28 29 43 26 
1 4 28 29 34 26 
1 4 28 33 35 26 
1 4 28 40 6 26 
1 6 28 3 4 5 31 9 
1 7 28 3 34 35 36 37 9 
1 4 28 24 31 9 
1 5 28 24 36 37 9 
1 4 28 30 37 9 
1 4 28 29 53 9 
1 4 28 33 7 9 
1 4 28 33 44 9 
1 7 28 40 34 35 36 37 9 
1 5 28 40 41 53 9 
1 6 28 3 4 5 31 46 
1 7 28 3 4 35 36 37 46 
1 5 28 3 4 44 46 
1 7 28 3 4 5 6 50 46 
1 5 28 24 36 37 46 
1 5 28 29 30 8 46 
1 6 28 29 6 7 45 46 
1 6 28 29 6 44 45 46 
1 5 28 29 25 45 46 
1 6 28 29 35 36 37 46 
1 6 28 29 43 44 45 46 
1 5 28 29 30 45 46 
1 4 28 29 53 46 
1 5 28 29 34 8 46 
1 4 28 33 44 46 
1 4 28 29 34 46 
1 5 28 29 34 50 46 
1 4 28 33 53 46 
1 7 28 3 4 6 7 8 15 
1 6 28 3 4 5 31 15 
1 7 28 3 4 35 36 37 15 
1 4 28 24 31 15 
1 5 28 24 36 37 15 
1 6 28 29 6 7 8 15 
1 4 28 30 37 15 
1 4 28 29 53 15 
1 5 28 29 34 8 15 
1 4 28 33 44 15 
1 4 28 40 25 15 
1 6 28 40 41 42 31 15 
1 7 28 40 41 35 36 37 15 
1 5 28 40 41 53 15 
1 7 28 3 4 5 6 26 17 
1 7 28 3 4 5 36 37 17 
1 7 28 3 4 5 6 50 17 
1 5 28 24 7 8 17 
1 4 28 24 26 17 
1 5 28 24 36 37 17 
1 5 28 24 44 45 17 
1 5 28 29 30 8 17 
1 5 28 29 30 26 17 
1 5 28 29 30 37 17 
1 5 28 29 30 50 17 
1 5 28 29 34 8 17 
1 4 28 33 31 17 
1 6 28 29 34 36 37 17 
1 5 28 29 34 45 17 
1 4 28 33 53 17 
1 6 28 40 41 7 8 17 
1 6 28 40 41 42 26 17 
1 7 28 40 41 42 44 45 17 
1 7 28 3 4 5 7 8 10 
1 7 28 3 4 5 6 26 10 
1 7 28 3 4 5 31 9 10 
1 8 28 3 4 5 36 37 9 10 
1 7 28 3 4 5 44 45 10 
1 7 28 3 4 5 53 9 10 
1 4 28 24 26 10 
1 4 28 24 50 10 
1 4 28 30 8 10 
1 5 28 29 30 8 10 
1 5 28 29 30 9 10 
1 4 28 30 26 10 
1 5 28 29 30 26 10 
1 5 28 29 31 9 10 
1 6 28 29 30 37 9 10 
1 4 28 30 45 10 
1 5 28 29 30 45 10 
1 4 28 30 50 10 
1 5 28 29 53 9 10 
1 5 28 29 34 26 10 
1 7 28 29 34 36 37 9 10 
1 5 28 29 34 50 10 
1 7 28 40 41 42 31 9 10 
1 8 28 40 41 42 36 37 9 10 
1 7 28 3 4 5 7 8 27 
1 6 28 3 4 5 6 27 
1 6 28 3 4 5 31 27 
1 7 28 3 4 5 36 37 27 
1 6 28 3 4 5 44 27 
1 7 28 3 4 5 6 50 27 
1 6 28 3 4 5 53 27 
1 4 28 24 31 27 
1 4 28 24 44 27 
1 4 28 24 50 27 
1 4 28 30 8 27 
1 5 28 29 30 8 27 
1 4 28 29 30 27 
1 4 28 29 31 27 
1 4 28 30 37 27 
1 5 28 29 30 37 27 
1 4 28 29 44 27 
1 4 28 30 50 27 
1 5 28 29 30 50 27 
1 4 28 29 53 27 
1 5 28 29 34 8 27 
1 4 28 29 34 27 
1 4 28 33 31 27 
1 6 28 29 34 36 37 27 
1 4 28 33 53 27 
1 6 28 40 41 42 43 27 
1 5 28 40 41 53 27 
1 4 39 4 6 26 
1 4 39 4 35 26 
1 4 39 4 43 26 
1 4 39 33 35 26 
1 4 39 40 42 26 
1 4 39 41 35 26 
1 4 39 41 43 26 
1 5 39 24 36 37 15 
1 6 39 40 41 6 26 10 
1 5 39 40 30 26 10 
1 6 39 40 41 34 26 10 
1 5 39 33 53 9 10 
1 5 39 40 42 26 10 
1 6 39 40 41 42 26 10 
1 5 39 41 53 9 10 
1 5 39 40 5 31 27 
1 6 39 40 5 36 37 27 
1 6 39 40 41 6 50 27 
1 5 39 24 7 8 27 
1 4 39 24 31 27 
1 5 39 24 36 37 27 
1 5 39 40 30 8 27 
1 5 39 40 30 37 27 
1 6 39 40 41 34 8 27 
1 7 39 40 41 34 36 37 27 
1 6 39 40 41 34 50 27 
1 4 39 33 53 27 
1 6 39 40 41 7 8 27 
1 6 39 40 41 42 43 27 
1 5 39 40 42 31 27 
1 6 39 40 42 36 37 27 
1 7 39 40 41 42 36 37 27 
1 6 39 40 41 43 50 27 
1 7 39 40 41 42 43 50 27 
1 4 39 41 53 27 
1 5 39 40 5 7 32 
1 5 39 4 5 31 32 
1 5 39 40 41 6 32 
1 5 39 4 5 6 32 
1 5 39 40 5 36 32 
1 5 39 40 5 44 32 
1 4 39 24 7 32 
1 4 39 24 36 32 
1 4 39 24 44 32 
1 4 39 33 7 32 
1 5 39 40 41 34 32 
1 6 39 40 41 34 36 32 
1 4 39 33 44 32 
1 4 39 41 7 32 
1 5 39 40 41 7 32 
1 5 39 41 42 31 32 
1 6 39 40 41 42 31 32 
1 5 39 40 42 43 32 
1 6 39 40 41 42 43 32 
1 5 39 40 42 36 32 
1 5 39 40 42 44 32 
1 5 39 40 5 36 51 
1 5 39 40 5 44 51 
1 5 39 40 41 6 51 
1 5 39 4 5 6 51 
1 4 39 24 36 51 
1 4 39 24 44 51 
1 5 39 33 7 50 51 
1 4 39 33 31 51 
1 6 39 40 41 34 36 51 
1 4 39 33 44 51 
1 5 39 41 7 50 51 
1 5 39 40 42 36 51 
1 6 39 40 41 42 36 51 
1 5 39 40 42 44 51 
1 5 39 41 42 50 51 
1 5 39 40 41 43 51 
1 5 39 41 42 43 51 
1 2 29 53 
1 4 29 6 7 8 
1 4 29 6 7 45 
1 4 29 6 44 45 
1 4 29 43 44 45 
1 3 29 53 9 
1 4 29 6 8 46 
1 4 29 35 45 46 
1 4 29 43 45 46 
1 3 29 53 46 
1 4 29 34 8 46 
1 3 29 53 15 
1 4 29 6 45 17 
1 3 29 53 17 
1 4 29 34 8 17 
1 4 29 34 45 17 
1 4 29 43 45 17 
1 4 29 30 26 10 
1 4 29 53 9 10 
1 5 29 6 37 46 47 
1 4 29 6 45 47 
1 4 29 44 45 47 
1 4 29 34 45 47 
1 5 29 43 37 46 47 
1 4 29 43 45 47 
1 4 29 6 8 27 
1 4 29 6 37 27 
1 4 29 6 50 27 
1 4 29 30 8 27 
1 4 29 34 8 27 
1 4 29 43 37 27 
1 4 29 43 50 27 
1 3 29 25 32 
1 3 29 31 32 
1 3 29 30 32 
1 3 29 44 32 
1 4 29 34 35 32 
1 4 29 34 36 32 
1 4 29 6 50 51 
1 3 29 25 51 
1 4 29 7 50 51 
1 3 29 36 51 
1 4 29 34 36 51 
1 4 29 6 50 16 
1 4 29 44 15 16 
1 4 29 43 9 16 
1 4 29 43 50 16 
1 4 3 34 35 26 
1 4 3 4 34 26 
1 4 3 41 42 26 
1 4 3 41 35 26 
1 4 3 52 37 9 
1 4 3 52 37 15 
1 4 3 52 45 17 
1 5 3 4 6 26 10 
1 6 3 4 5 6 26 10 
1 5 3 5 53 9 10 
1 5 3 4 30 26 10 
1 5 3 4 34 26 10 
1 5 3 4 42 26 10 
1 5 3 41 53 9 10 
1 5 3 52 37 9 10 
1 4 3 52 45 10 
1 4 3 52 50 10 
1 5 3 4 6 26 47 
1 5 3 4 25 9 47 
1 5 3 4 34 26 47 
1 5 3 4 42 26 47 
1 6 3 4 42 31 46 47 
1 4 3 52 9 47 
1 4 3 52 45 47 
1 5 3 52 50 46 47 
1 5 3 5 6 7 27 
1 5 3 5 36 37 27 
1 4 3 5 53 27 
1 5 3 4 30 8 27 
1 5 3 4 30 50 27 
1 5 3 4 34 35 27 
1 5 3 4 42 44 27 
1 4 3 41 53 27 
1 4 3 52 37 27 
1 4 3 5 7 32 
1 5 3 4 5 7 32 
1 5 3 5 6 7 32 
1 5 3 4 5 31 32 
1 6 3 4 5 6 7 32 
1 4 3 5 36 32 
1 4 3 5 44 32 
1 4 3 4 30 32 
1 5 3 4 34 35 32 
1 5 3 4 34 36 32 
1 4 3 41 7 32 
1 5 3 41 42 31 32 
1 6 3 4 5 6 44 32 
1 6 3 4 5 43 44 32 
1 6 3 4 42 43 44 32 
1 6 3 41 42 43 44 32 
1 5 3 4 42 36 32 
1 5 3 4 42 44 32 
1 5 3 5 7 50 51 
1 6 3 4 5 7 50 51 
1 4 3 5 31 51 
1 4 3 5 36 51 
1 4 3 5 44 51 
1 5 3 5 6 50 51 
1 6 3 4 5 6 50 51 
1 6 3 4 5 6 7 51 
1 6 3 4 5 35 50 51 
1 5 3 41 7 50 51 
1 5 3 4 42 31 51 
1 6 3 4 42 43 50 51 
1 6 3 4 5 6 44 51 
1 6 3 4 5 43 44 51 
1 6 3 4 42 43 44 51 
1 6 3 41 42 43 44 51 
1 5 3 41 42 50 51 
1 4 3 52 50 51 
1 5 3 4 6 26 16 
1 6 3 4 5 44 45 16 
1 6 3 4 30 8 15 16 
1 5 3 4 30 45 16 
1 5 3 4 42 26 16 
1 6 3 4 42 44 45 16 
1 4 3 52 9 16 
1 5 3 52 37 15 16 
1 4 3 52 45 16 
1 4 3 52 50 16 
1 5 49 6 37 9 10 
1 4 49 6 50 10 
1 5 49 43 37 9 10 
1 3 49 9 10 
1 3 49 26 10 
1 4 49 53 9 10 
1 4 49 6 45 47 
1 5 49 35 36 46 47 
1 4 49 43 45 47 
1 3 49 26 47 
1 3 49 53 27 
1 3 49 25 32 
1 3 49 35 32 
1 3 49 7 32 
1 3 49 31 32 
1 3 49 44 32 
1 3 49 25 51 
1 4 49 35 50 51 
1 4 49 7 50 51 
1 3 49 36 51 
1 3 49 50 51 
1 5 49 6 8 15 16 
1 4 49 6 26 16 
1 3 49 9 16 
1 3 49 15 16 
1 3 49 50 16 
1 5 49 6 8 10 11 
1 6 49 6 7 9 10 11 
1 5 49 6 7 17 11 
1 6 49 6 37 9 10 11 
1 5 49 6 45 10 11 
1 5 49 6 50 10 11 
1 5 49 25 9 10 11 
1 4 49 25 15 11 
1 4 49 25 17 11 
1 4 49 25 46 11 
1 6 49 35 36 9 10 11 
1 5 49 35 36 17 11 
1 5 49 35 36 46 11 
1 5 49 35 50 10 11 
1 5 49 43 44 17 11 
1 6 49 43 37 9 10 11 
1 5 49 43 45 10 11 
1 5 49 43 50 10 11 
1 4 49 45 46 11 
1 5 49 6 7 17 18 
1 5 49 6 26 17 18 
1 5 49 6 37 17 18 
1 4 49 25 17 18 
1 5 49 35 36 17 18 
1 5 49 35 36 46 18 
1 5 49 43 37 17 18 
1 5 49 43 45 46 18 
1 4 49 26 17 18 
1 4 49 37 17 18 
1 4 49 45 17 18 
1 4 49 45 46 18 
1 5 40 41 6 26 10 
1 4 40 30 26 10 
1 5 40 41 34 26 10 
1 5 40 41 42 26 10 
1 4 40 52 45 10 
1 4 40 52 50 10 
1 5 40 41 6 26 47 
1 5 40 41 25 9 47 
1 4 40 30 26 47 
1 5 40 41 34 26 47 
1 4 40 42 26 47 
1 5 40 52 37 46 47 
1 4 40 52 45 47 
1 5 40 52 50 46 47 
1 5 40 5 7 8 27 
1 4 40 30 8 27 
1 4 40 30 50 27 
1 5 40 41 34 8 27 
1 6 40 41 42 43 36 27 
1 4 40 42 8 27 
1 5 40 41 7 8 27 
1 5 40 42 36 37 27 
1 6 40 41 42 36 37 27 
1 4 40 52 37 27 
1 4 40 52 50 27 
1 4 40 5 7 32 
1 5 40 41 42 7 32 
1 4 40 41 6 32 
1 4 40 5 36 32 
1 4 40 5 44 32 
1 3 40 30 32 
1 5 40 41 42 35 32 
1 4 40 41 34 32 
1 5 40 41 34 36 32 
1 5 40 41 42 44 32 
1 5 40 42 43 44 32 
1 5 40 41 42 31 32 
1 6 40 41 42 43 44 32 
1 4 40 42 36 32 
1 4 40 42 44 32 
1 5 40 5 7 50 51 
1 5 40 5 6 50 51 
1 5 40 41 6 7 51 
1 5 40 41 34 36 51 
1 6 40 41 42 35 50 51 
1 6 40 41 34 35 50 51 
1 6 40 41 42 43 36 51 
1 6 40 41 34 35 36 51 
1 5 40 41 7 50 51 
1 5 40 42 43 50 51 
1 6 40 41 42 43 50 51 
1 6 40 41 42 43 44 51 
1 4 40 52 50 51 
1 6 40 41 6 8 15 16 
1 5 40 30 8 15 16 
1 4 40 30 9 16 
1 4 40 30 26 16 
1 4 40 30 50 16 
1 6 40 41 34 8 15 16 
1 7 40 41 42 43 36 9 16 
1 7 40 41 42 43 36 15 16 
1 7 40 41 42 35 36 15 16 
1 7 40 41 34 35 36 15 16 
1 5 40 41 34 26 16 
1 7 40 41 34 36 37 15 16 
1 6 40 41 42 8 15 16 
1 7 40 41 42 43 44 9 16 
1 7 40 41 42 43 44 15 16 
1 4 40 42 26 16 
1 7 40 41 42 36 37 15 16 
1 7 40 41 42 43 37 15 16 
1 6 40 41 42 44 45 16 
1 4 40 52 9 16 
1 5 40 52 37 15 16 
1 4 40 52 45 16 
1 4 40 52 50 16 
1 6 40 41 42 7 17 11 
1 5 40 30 26 10 11 
1 6 40 30 37 9 10 11 
1 5 40 30 50 10 11 
1 6 40 41 42 44 17 11 
1 6 40 41 42 44 46 11 
1 6 40 42 43 44 46 11 
1 4 40 52 9 11 
1 4 40 52 15 11 
1 4 40 52 17 11 
1 6 40 52 37 9 10 11 
1 5 40 52 45 10 11 
1 5 40 52 50 10 11 
1 5 40 41 42 7 18 
1 5 40 5 6 7 18 
1 4 40 30 9 18 
1 4 40 30 15 18 
1 7 40 41 42 43 36 17 18 
1 7 40 41 42 35 36 17 18 
1 7 40 41 34 35 36 17 18 
1 7 40 41 42 35 37 17 18 
1 7 40 41 42 43 36 46 18 
1 7 40 41 42 35 50 17 18 
1 7 40 41 42 43 44 17 18 
1 5 40 42 43 44 18 
1 5 40 42 26 17 18 
1 7 40 41 42 43 37 17 18 
1 5 40 52 37 17 18 
1 5 40 52 45 46 18 
1 5 40 52 50 17 18 
1 6 40 41 42 7 9 0 
1 6 40 41 42 7 15 0 
1 6 40 41 6 45 46 0 
1 5 40 41 25 9 0 
1 5 40 41 25 15 0 
1 4 40 30 9 0 
1 4 40 30 15 0 
1 5 40 30 45 46 0 
1 4 40 30 50 0 
1 7 40 41 42 43 36 9 0 
1 7 40 41 42 43 36 15 0 
1 7 40 41 42 43 36 46 0 
1 6 40 41 42 44 9 0 
1 7 40 41 42 43 44 9 0 
1 6 40 41 42 44 15 0 
1 7 40 41 42 43 44 15 0 
1 6 40 41 43 45 46 0 
1 7 40 41 42 43 45 46 0 
1 4 40 52 9 0 
1 4 40 52 15 0 
1 4 40 52 37 0 
1 5 40 52 45 46 0 
1 4 40 52 50 0 
1 4 4 30 26 10 
1 4 4 6 26 47 
1 4 4 30 26 47 
1 6 4 5 6 31 46 47 
1 4 4 34 26 47 
1 4 4 34 45 47 
1 4 4 42 26 47 
1 5 4 5 53 46 47 
1 4 4 6 8 27 
1 4 4 6 7 27 
1 5 4 5 6 7 27 
1 4 4 30 8 27 
1 4 4 34 8 27 
1 6 4 5 6 7 37 27 
1 6 4 5 6 36 37 27 
1 6 4 5 35 36 37 27 
1 4 4 42 8 27 
1 5 4 5 43 44 27 
1 5 4 42 36 37 27 
1 4 4 6 7 32 
1 4 4 5 31 32 
1 5 4 5 6 7 32 
1 3 4 30 32 
1 4 4 34 35 32 
1 4 4 34 36 32 
1 5 4 5 6 44 32 
1 5 4 42 43 44 32 
1 4 4 42 36 32 
1 4 4 42 44 32 
1 5 4 5 6 7 51 
1 4 4 30 50 51 
1 5 4 34 35 50 51 
1 5 4 5 6 36 51 
1 5 4 34 35 36 51 
1 4 4 42 31 51 
1 5 4 5 43 44 51 
1 6 4 5 6 8 15 16 
1 4 4 5 7 16 
1 4 4 6 26 16 
1 4 4 6 50 16 
1 5 4 30 8 15 16 
1 4 4 30 9 16 
1 4 4 30 26 16 
1 4 4 30 50 16 
1 4 4 34 26 16 
1 4 4 42 26 16 
1 4 4 5 53 16 
1 5 4 6 8 10 11 
1 5 4 30 31 10 11 
1 6 4 5 6 31 17 11 
1 6 4 30 37 9 10 11 
1 5 4 30 50 10 11 
1 5 4 42 8 10 11 
1 6 4 5 6 44 17 11 
1 5 4 5 53 17 11 
1 5 4 6 37 17 18 
1 5 4 6 45 46 18 
1 5 4 5 7 46 18 
1 4 4 25 9 18 
1 4 4 25 15 18 
1 4 4 30 9 18 
1 4 4 30 15 18 
1 6 4 5 6 31 46 18 
1 7 4 5 6 7 37 17 18 
1 7 4 5 6 36 37 17 18 
1 7 4 5 35 36 37 17 18 
1 7 4 34 35 36 37 17 18 
1 5 4 34 26 17 18 
1 6 4 5 6 36 46 18 
1 5 4 5 6 44 18 
1 5 4 42 43 17 18 
1 6 4 5 43 37 17 18 
1 5 4 5 53 17 18 
1 5 4 5 53 46 18 
1 5 4 5 7 9 0 
1 6 4 5 6 7 9 0 
1 5 4 5 7 15 0 
1 6 4 5 6 7 15 0 
1 5 4 6 45 46 0 
1 6 4 5 6 45 46 0 
1 4 4 6 50 0 
1 4 4 25 9 0 
1 4 4 25 15 0 
1 4 4 25 46 0 
1 4 4 30 31 0 
1 4 4 30 9 0 
1 4 4 30 15 0 
1 6 4 5 6 31 46 0 
1 4 4 30 50 0 
1 6 4 5 6 36 9 0 
1 6 4 5 6 36 15 0 
1 6 4 5 6 44 9 0 
1 6 4 5 6 44 15 0 
1 6 4 5 43 45 46 0 
1 4 4 5 53 0 
1 5 4 5 53 46 0 
1 6 4 5 7 9 47 48 
1 6 4 6 37 46 47 48 
1 5 4 5 7 46 48 
1 5 4 6 7 46 48 
1 7 4 5 6 7 46 47 48 
1 5 4 5 7 47 48 
1 6 4 6 50 46 47 48 
1 6 4 5 6 31 17 48 
1 6 4 5 6 31 46 48 
1 6 4 5 6 36 15 48 
1 7 4 5 6 7 37 17 48 
1 7 4 5 6 36 46 47 48 
1 7 4 5 35 36 46 47 48 
1 7 4 34 35 36 46 47 48 
1 7 4 5 6 44 46 47 48 
1 7 4 5 43 44 46 47 48 
1 7 4 42 43 44 46 47 48 
1 5 4 5 43 46 48 
1 5 4 5 53 17 48 
1 5 4 5 53 46 48 
1 7 4 5 6 7 9 10 12 
1 8 4 5 6 7 9 10 11 12 
1 6 4 5 7 10 11 12 
1 7 4 5 6 7 15 16 12 
1 6 4 5 7 17 11 12 
1 7 4 5 6 7 17 11 12 
1 5 4 5 7 32 12 
1 5 4 5 7 51 12 
1 4 4 25 27 12 
1 4 4 25 32 12 
1 4 4 25 51 12 
1 6 4 30 31 10 11 12 
1 6 4 5 6 31 27 12 
1 4 4 30 32 12 
1 4 4 30 51 12 
1 7 4 5 6 36 9 10 12 
1 8 4 5 6 36 9 10 11 12 
1 8 4 5 35 36 9 10 11 12 
1 8 4 34 35 36 9 10 11 12 
1 7 4 5 6 7 37 10 12 
1 8 4 5 6 7 37 10 11 12 
1 8 4 5 6 36 37 10 11 12 
1 8 4 5 35 36 37 10 11 12 
1 8 4 34 35 36 37 10 11 12 
1 7 4 5 6 36 15 16 12 
1 5 4 5 35 32 12 
1 6 4 5 6 36 51 12 
1 7 4 5 6 44 9 10 12 
1 8 4 5 6 44 9 10 11 12 
1 8 4 5 43 44 9 10 11 12 
1 8 4 42 43 44 9 10 11 12 
1 7 4 5 6 44 15 16 12 
1 7 4 5 6 44 17 11 12 
1 6 4 5 6 44 32 12 
1 6 4 5 6 44 51 12 
1 6 4 5 53 10 11 12 
1 6 4 5 53 17 11 12 
1 6 4 5 53 46 47 12 
1 6 4 5 7 15 18 19 
1 5 4 5 7 32 19 
1 6 4 5 6 7 32 19 
1 5 4 5 7 51 19 
1 6 4 5 6 7 51 19 
1 5 4 25 9 10 19 
1 4 4 25 17 19 
1 4 4 25 32 19 
1 4 4 25 51 19 
1 7 4 5 6 31 17 18 19 
1 6 4 30 31 17 18 19 
1 6 4 5 6 31 27 19 
1 4 4 30 32 19 
1 4 4 30 51 19 
1 8 4 5 6 7 37 17 18 19 
1 8 4 5 6 36 37 17 18 19 
1 8 4 5 35 36 37 17 18 19 
1 8 4 34 35 36 37 17 18 19 
1 7 4 5 6 7 37 27 19 
1 5 4 5 35 32 19 
1 6 4 5 6 36 51 19 
1 6 4 5 6 44 32 19 
1 6 4 5 6 44 51 19 
1 5 4 5 53 10 19 
1 6 4 5 53 46 47 19 
1 3 24 26 47 
1 4 24 25 46 47 
1 4 24 25 37 47 
1 4 24 7 8 27 
1 3 24 25 27 
1 3 24 7 32 
1 3 24 31 32 
1 3 24 25 32 
1 4 24 43 44 32 
1 3 24 36 51 
1 3 24 50 51 
1 4 24 7 9 16 
1 3 24 26 16 
1 4 24 35 50 16 
1 4 24 43 50 16 
1 3 24 53 16 
1 5 24 25 9 10 11 
1 4 24 25 17 11 
1 5 24 37 9 10 11 
1 4 24 45 10 11 
1 5 24 25 37 10 11 
1 4 24 7 9 18 
1 4 24 7 15 18 
1 4 24 8 17 18 
1 4 24 25 15 18 
1 4 24 25 17 18 
1 4 24 26 17 18 
1 4 24 45 17 18 
1 4 24 45 46 18 
1 5 24 35 36 9 18 
1 5 24 35 36 15 18 
1 5 24 35 50 17 18 
1 5 24 43 44 9 18 
1 5 24 43 44 15 18 
1 5 24 43 50 17 18 
1 4 24 53 17 18 
1 4 24 7 9 0 
1 4 24 7 15 0 
1 4 24 7 46 0 
1 3 24 25 0 
1 4 24 25 9 0 
1 4 24 25 15 0 
1 3 24 50 0 
1 4 24 31 46 0 
1 4 24 25 37 0 
1 5 24 35 36 9 0 
1 5 24 35 36 15 0 
1 4 24 35 50 0 
1 5 24 43 44 9 0 
1 5 24 43 44 15 0 
1 5 24 43 45 46 0 
1 4 24 43 50 0 
1 3 24 53 0 
1 4 24 53 46 0 
1 4 24 7 17 48 
1 4 24 7 46 48 
1 4 24 25 15 48 
1 4 24 25 17 48 
1 4 24 31 17 48 
1 4 24 31 46 48 
1 5 24 25 37 17 48 
1 5 24 35 36 46 48 
1 5 24 43 44 17 48 
1 5 24 43 44 46 48 
1 4 24 53 46 48 
1 4 24 7 27 12 
1 4 24 7 32 12 
1 5 24 31 46 47 12 
1 5 24 25 37 27 12 
1 4 24 35 32 12 
1 5 24 25 37 47 12 
1 5 24 35 36 51 12 
1 5 24 43 44 32 12 
1 6 24 43 44 46 47 12 
1 5 24 43 44 51 12 
1 5 24 53 10 11 12 
1 5 24 53 17 11 12 
1 5 24 53 46 47 12 
1 5 24 7 9 10 19 
1 4 24 7 17 19 
1 4 24 7 27 19 
1 4 24 7 32 19 
1 4 24 7 51 19 
1 4 24 25 32 19 
1 4 24 25 51 19 
1 4 24 31 10 19 
1 6 24 25 37 17 18 19 
1 7 24 35 36 37 17 18 19 
1 5 24 25 37 27 19 
1 4 24 35 32 19 
1 5 24 35 36 51 19 
1 5 24 43 44 32 19 
1 5 24 43 44 51 19 
1 5 24 53 46 47 19 
1 4 41 53 9 10 
1 4 41 6 26 47 
1 4 41 34 26 47 
1 4 41 34 45 47 
1 4 41 42 26 47 
1 5 41 42 53 46 47 
1 4 41 6 8 27 
1 4 41 34 8 27 
1 6 41 42 43 44 37 27 
1 6 41 42 43 36 37 27 
1 6 41 42 35 36 37 27 
1 4 41 7 8 27 
1 5 41 42 43 44 27 
1 4 41 43 37 27 
1 4 41 6 7 32 
1 3 41 25 32 
1 4 41 34 35 32 
1 4 41 34 36 32 
1 4 41 43 44 32 
1 4 41 42 31 32 
1 5 41 42 43 44 32 
1 4 41 42 44 32 
1 5 41 34 35 50 51 
1 5 41 42 43 36 51 
1 5 41 34 35 36 51 
1 4 41 7 50 51 
1 5 41 42 43 44 51 
1 5 41 6 7 15 16 
1 4 41 6 26 16 
1 4 41 6 50 16 
1 4 41 42 31 16 
1 6 41 42 43 36 9 16 
1 4 41 34 26 16 
1 5 41 43 44 15 16 
1 4 41 42 26 16 
1 4 41 42 53 16 
1 6 41 42 43 50 17 11 
1 5 41 42 53 17 11 
1 5 41 6 37 17 18 
1 5 41 6 45 46 18 
1 4 41 25 9 18 
1 4 41 25 15 18 
1 7 41 42 43 44 37 17 18 
1 7 41 42 43 36 37 17 18 
1 7 41 42 35 36 37 17 18 
1 7 41 34 35 36 37 17 18 
1 5 41 34 26 17 18 
1 6 41 42 43 36 46 18 
1 5 41 42 26 17 18 
1 5 41 43 37 17 18 
1 5 41 43 45 46 18 
1 5 41 42 44 46 18 
1 4 41 45 17 18 
1 5 41 42 53 17 18 
1 5 41 42 53 46 18 
1 5 41 42 7 9 0 
1 5 41 42 7 15 0 
1 5 41 6 45 46 0 
1 4 41 25 9 0 
1 4 41 25 15 0 
1 4 41 25 46 0 
1 6 41 42 43 36 9 0 
1 6 41 42 43 36 15 0 
1 5 41 42 44 9 0 
1 6 41 42 43 44 9 0 
1 5 41 42 44 15 0 
1 6 41 42 43 44 15 0 
1 5 41 43 45 46 0 
1 6 41 42 43 45 46 0 
1 4 41 42 53 0 
1 5 41 42 53 46 0 
1 6 41 42 7 9 47 48 
1 6 41 6 37 46 47 48 
1 5 41 42 7 46 48 
1 6 41 6 50 46 47 48 
1 5 41 42 31 17 48 
1 5 41 42 31 46 48 
1 7 41 42 43 44 37 17 48 
1 7 41 42 35 36 46 47 48 
1 7 41 34 35 36 46 47 48 
1 6 41 42 44 9 47 48 
1 6 41 43 37 46 47 48 
1 5 41 42 44 46 48 
1 7 41 42 43 44 46 47 48 
1 5 41 42 53 17 48 
1 6 41 42 7 10 11 12 
1 6 41 42 7 17 11 12 
1 5 41 42 7 32 12 
1 5 41 42 7 51 12 
1 4 41 25 27 12 
1 4 41 25 32 12 
1 4 41 25 51 12 
1 6 41 42 31 17 11 12 
1 6 41 42 31 46 47 12 
1 7 41 42 43 36 9 10 12 
1 8 41 42 43 36 9 10 11 12 
1 8 41 42 35 36 9 10 11 12 
1 8 41 34 35 36 9 10 11 12 
1 7 41 42 43 36 37 10 12 
1 8 41 42 43 44 37 10 11 12 
1 8 41 42 43 36 37 10 11 12 
1 8 41 42 35 36 37 10 11 12 
1 7 41 42 43 36 15 16 12 
1 5 41 42 35 32 12 
1 6 41 42 43 36 51 12 
1 7 41 43 44 9 10 11 12 
1 7 41 42 43 44 9 10 12 
1 8 41 42 43 44 9 10 11 12 
1 6 41 42 44 10 11 12 
1 6 41 42 44 17 11 12 
1 7 41 42 43 44 17 11 12 
1 5 41 42 44 32 12 
1 5 41 42 44 51 12 
1 7 41 42 43 50 17 11 12 
1 6 41 42 53 10 11 12 
1 5 41 42 53 16 12 
1 6 41 42 53 17 11 12 
1 6 41 42 53 46 47 12 
1 5 41 42 7 32 19 
1 5 41 42 7 51 19 
1 5 41 25 9 10 19 
1 4 41 25 17 19 
1 4 41 25 32 19 
1 5 41 25 46 47 19 
1 4 41 25 51 19 
1 5 41 42 31 10 19 
1 5 41 42 31 27 19 
1 8 41 42 43 44 37 17 18 19 
1 8 41 42 43 36 37 17 18 19 
1 8 41 42 35 36 37 17 18 19 
1 8 41 34 35 36 37 17 18 19 
1 7 41 42 43 44 37 27 19 
1 5 41 42 35 32 19 
1 6 41 42 43 36 51 19 
1 5 41 42 44 32 19 
1 6 41 42 43 44 32 19 
1 5 41 42 44 51 19 
1 6 41 42 43 44 51 19 
1 5 41 42 53 10 19 
1 6 41 42 53 46 47 19 
1 4 33 34 53 10 
1 4 33 6 26 47 
1 4 33 6 45 47 
1 4 33 34 26 47 
1 4 33 43 45 47 
1 5 33 34 44 46 47 
1 4 33 6 8 27 
1 4 33 34 31 27 
1 4 33 34 8 27 
1 4 33 6 7 32 
1 3 33 25 32 
1 4 33 34 35 32 
1 4 33 34 36 32 
1 4 33 43 44 32 
1 4 33 6 50 51 
1 5 33 34 35 50 51 
1 5 33 34 35 36 51 
1 5 33 34 35 8 16 
1 5 33 34 7 8 16 
1 5 33 6 7 8 16 
1 4 33 6 26 16 
1 5 33 6 37 15 16 
1 4 33 34 31 16 
1 4 33 34 26 16 
1 5 33 35 37 15 16 
1 5 33 43 37 15 16 
1 4 33 34 53 16 
1 6 33 34 35 37 17 11 
1 5 33 35 50 10 11 
1 5 33 34 53 10 11 
1 5 33 6 26 17 18 
1 5 33 6 45 46 18 
1 4 33 25 9 18 
1 4 33 25 15 18 
1 5 33 34 31 46 18 
1 7 33 34 35 36 37 17 18 
1 5 33 34 26 17 18 
1 5 33 34 45 17 18 
1 5 33 43 45 46 18 
1 5 33 34 53 17 18 
1 5 33 34 7 9 0 
1 5 33 34 7 15 0 
1 4 33 6 37 0 
1 4 33 6 50 0 
1 4 33 25 9 0 
1 4 33 25 15 0 
1 4 33 25 46 0 
1 5 33 34 36 9 0 
1 6 33 34 35 36 9 0 
1 5 33 34 36 15 0 
1 6 33 34 35 36 15 0 
1 4 33 35 37 0 
1 4 33 35 46 0 
1 4 33 35 50 0 
1 4 33 43 44 0 
1 5 33 34 44 9 0 
1 5 33 34 44 15 0 
1 4 33 43 37 0 
1 4 33 43 50 0 
1 4 33 34 53 0 
1 5 33 34 53 46 0 
1 6 33 34 35 8 17 48 
1 6 33 6 37 46 47 48 
1 6 33 34 35 8 47 48 
1 6 33 34 7 8 47 48 
1 6 33 6 7 8 47 48 
1 4 33 25 17 48 
1 4 33 25 46 48 
1 5 33 34 31 17 48 
1 5 33 34 31 46 48 
1 7 33 34 35 36 37 17 48 
1 6 33 34 36 37 47 48 
1 6 33 35 36 37 47 48 
1 6 33 43 37 46 47 48 
1 6 33 34 35 50 17 48 
1 5 33 34 53 46 48 
1 6 33 34 35 8 10 12 
1 6 33 34 7 8 10 12 
1 6 33 34 35 8 16 12 
1 5 33 34 7 32 12 
1 5 33 25 17 11 12 
1 4 33 25 27 12 
1 4 33 25 32 12 
1 6 33 34 31 17 11 12 
1 6 33 34 31 46 47 12 
1 8 33 34 35 36 9 10 11 12 
1 8 33 34 35 36 37 10 11 12 
1 5 33 36 37 16 12 
1 7 33 34 35 37 17 11 12 
1 4 33 35 32 12 
1 5 33 34 35 32 12 
1 7 33 34 35 36 46 11 12 
1 5 33 34 36 51 12 
1 5 33 34 44 32 12 
1 6 33 34 53 10 11 12 
1 6 33 34 53 17 11 12 
1 6 33 34 53 46 47 12 
1 6 33 34 35 8 16 19 
1 5 33 34 7 32 19 
1 5 33 34 7 51 19 
1 5 33 25 9 10 19 
1 4 33 25 17 19 
1 4 33 25 32 19 
1 4 33 25 51 19 
1 5 33 34 31 10 19 
1 5 33 34 31 27 19 
1 8 33 34 35 36 37 17 18 19 
1 7 33 34 35 36 37 27 19 
1 4 33 35 32 19 
1 5 33 34 35 32 19 
1 5 33 34 36 51 19 
1 6 33 34 35 36 51 19 
1 5 33 34 44 32 19 
1 5 33 34 44 51 19 
1 5 33 34 53 10 19 
1 6 33 34 53 46 47 19 
1 3 52 8 10 
1 3 52 9 10 
1 4 52 37 9 10 
1 3 52 50 10 
1 3 52 8 47 
1 3 52 50 47 
1 4 52 45 46 47 
1 2 52 27 
1 3 52 37 27 
1 3 52 50 27 
1 2 52 32 
1 3 52 50 51 
1 3 52 8 16 
1 3 52 9 16 
1 3 52 15 16 
1 4 52 37 15 16 
1 3 52 50 16 
1 4 52 8 10 11 
1 4 52 8 17 11 
1 4 52 37 17 11 
1 4 52 45 17 11 
1 4 52 50 17 11 
1 4 52 9 10 11 
1 3 52 17 11 
1 5 52 37 9 10 11 
1 4 52 45 10 11 
1 4 52 8 17 18 
1 3 52 15 18 
1 3 52 17 18 
1 4 52 37 17 18 
1 4 52 45 46 18 
1 4 52 50 17 18 
1 3 52 8 0 
1 2 52 0 
1 3 52 9 0 
1 3 52 15 0 
1 3 52 37 0 
1 4 52 45 46 0 
1 3 52 50 0 
1 4 52 8 47 48 
1 4 52 37 17 48 
1 4 52 50 17 48 
1 4 52 9 47 48 
1 3 52 15 48 
1 3 52 17 48 
1 5 52 37 46 47 48 
1 4 52 46 47 48 
1 5 52 50 46 47 48 
1 4 52 8 10 12 
1 5 52 8 10 11 12 
1 5 52 8 17 11 12 
1 4 52 8 47 12 
1 4 52 37 10 12 
1 5 52 37 10 11 12 
1 4 52 37 16 12 
1 5 52 37 17 11 12 
1 5 52 45 17 11 12 
1 4 52 45 47 12 
1 4 52 50 10 12 
1 5 52 50 10 11 12 
1 4 52 50 16 12 
1 5 52 50 17 11 12 
1 4 52 9 11 12 
1 4 52 9 10 12 
1 5 52 9 10 11 12 
1 4 52 15 16 12 
1 4 52 17 11 12 
1 3 52 27 12 
1 4 52 46 11 12 
1 3 52 51 12 
1 4 52 8 17 19 
1 5 52 8 17 18 19 
1 4 52 8 47 19 
1 4 52 37 10 19 
1 4 52 37 16 19 
1 4 52 37 17 19 
1 4 52 37 47 19 
1 4 52 45 16 19 
1 4 52 45 17 19 
1 4 52 50 10 19 
1 4 52 50 16 19 
1 4 52 50 17 19 
1 4 52 50 47 19 
1 4 52 9 18 19 
1 4 52 9 10 19 
1 4 52 15 18 19 
1 4 52 15 16 19 
1 3 52 27 19 
1 3 52 32 19 
1 3 52 51 19 
1 4 5 53 9 10 
1 4 5 6 26 47 
1 4 5 7 8 47 
1 4 5 7 8 27 
1 4 5 6 7 27 
1 5 5 6 36 37 27 
1 4 5 35 36 27 
1 4 5 35 37 27 
1 4 5 43 37 27 
1 4 5 6 7 32 
1 3 5 31 32 
1 4 5 6 44 32 
1 3 5 43 32 
1 4 5 7 50 51 
1 4 5 6 50 51 
1 4 5 43 50 51 
1 4 5 7 8 16 
1 5 5 6 7 8 16 
1 5 5 6 7 15 16 
1 4 5 6 26 16 
1 4 5 44 15 16 
1 4 5 6 50 16 
1 5 5 35 36 15 16 
1 5 5 6 8 10 11 
1 6 5 6 7 37 17 11 
1 6 5 6 7 50 17 11 
1 5 5 35 37 17 18 
1 5 5 6 36 46 18 
1 5 5 43 37 17 18 
1 5 5 43 45 46 18 
1 4 5 53 17 18 
1 4 5 53 46 18 
1 5 5 6 7 8 0 
1 4 5 7 9 0 
1 5 5 6 7 9 0 
1 4 5 7 15 0 
1 5 5 6 7 15 0 
1 5 5 6 45 46 0 
1 4 5 7 46 0 
1 5 5 6 36 9 0 
1 5 5 6 36 15 0 
1 4 5 35 50 0 
1 5 5 6 7 45 0 
1 5 5 6 44 45 0 
1 5 5 43 44 45 0 
1 5 5 6 44 9 0 
1 5 5 6 44 15 0 
1 5 5 43 45 46 0 
1 3 5 53 0 
1 4 5 53 46 0 
1 5 5 7 9 47 48 
1 6 5 6 7 9 47 48 
1 4 5 7 15 48 
1 6 5 6 7 8 17 48 
1 6 5 6 37 46 47 48 
1 5 5 7 8 47 48 
1 6 5 6 7 8 47 48 
1 6 5 6 50 46 47 48 
1 5 5 6 31 17 48 
1 5 5 6 31 46 48 
1 6 5 6 36 9 47 48 
1 5 5 6 36 15 48 
1 6 5 35 37 46 47 48 
1 6 5 6 36 37 47 48 
1 5 5 6 7 37 48 
1 5 5 35 36 37 48 
1 6 5 6 44 9 47 48 
1 6 5 6 7 45 17 48 
1 6 5 43 37 46 47 48 
1 6 5 6 7 45 47 48 
1 5 5 6 44 46 48 
1 6 5 43 50 46 47 48 
1 4 5 53 17 48 
1 4 5 53 46 48 
1 5 5 53 46 47 48 
1 5 5 7 8 10 12 
1 5 5 6 8 11 12 
1 6 5 6 7 15 11 12 
1 4 5 7 32 12 
1 5 5 6 8 47 12 
1 4 5 7 51 12 
1 6 5 6 31 17 11 12 
1 6 5 6 31 46 47 12 
1 7 5 6 7 37 17 11 12 
1 4 5 35 32 12 
1 5 5 6 36 51 12 
1 7 5 43 44 9 10 11 12 
1 6 5 6 7 45 11 12 
1 6 5 6 44 45 11 12 
1 6 5 43 44 45 11 12 
1 6 5 6 7 45 16 12 
1 5 5 6 44 32 12 
1 5 5 6 44 51 12 
1 7 5 6 7 50 17 11 12 
1 4 5 53 16 12 
1 4 5 53 27 12 
1 6 5 6 7 9 18 19 
1 6 5 6 7 15 18 19 
1 4 5 7 27 19 
1 5 5 6 7 27 19 
1 4 5 7 32 19 
1 5 5 6 7 32 19 
1 4 5 7 51 19 
1 5 5 6 7 51 19 
1 5 5 6 31 10 19 
1 4 5 35 32 19 
1 5 5 6 36 51 19 
1 6 5 6 7 45 16 19 
1 5 5 6 44 27 19 
1 5 5 6 44 32 19 
1 5 5 6 44 51 19 
1 4 5 53 10 19 
1 4 5 53 16 19 
1 4 5 53 27 19 
1 3 30 26 47 
1 3 30 8 27 
1 3 30 31 27 
1 2 30 32 
1 3 30 50 51 
1 3 30 9 16 
1 3 30 26 16 
1 4 30 36 9 16 
1 3 30 45 16 
1 4 30 8 17 11 
1 4 30 8 10 11 
1 4 30 31 10 11 
1 4 30 9 10 11 
1 4 30 31 17 11 
1 4 30 45 10 11 
1 4 30 50 10 11 
1 5 30 36 37 17 11 
1 4 30 45 17 11 
1 4 30 8 17 18 
1 4 30 26 17 18 
1 4 30 36 9 18 
1 4 30 36 15 18 
1 3 30 26 0 
1 3 30 31 0 
1 3 30 9 0 
1 3 30 15 0 
1 3 30 37 0 
1 4 30 36 9 0 
1 4 30 36 15 0 
1 4 30 36 46 0 
1 3 30 50 0 
1 3 30 26 48 
1 4 30 9 47 48 
1 4 30 31 17 48 
1 5 30 36 37 17 48 
1 4 30 36 46 48 
1 4 30 50 17 48 
1 5 30 31 10 11 12 
1 4 30 15 11 12 
1 3 30 51 12 
1 4 30 36 51 12 
1 4 30 50 16 12 
1 5 30 50 17 11 12 
1 4 30 9 18 19 
1 4 30 15 18 19 
1 4 30 31 27 19 
1 3 30 32 19 
1 3 30 51 19 
1 5 30 36 37 27 19 
1 4 30 36 51 19 
1 4 30 50 10 19 
1 4 30 50 47 19 
1 3 42 26 10 
1 4 42 7 8 47 
1 3 42 26 47 
1 5 42 43 44 37 27 
1 5 42 35 36 37 27 
1 4 42 43 36 27 
1 4 42 35 37 27 
1 3 42 35 32 
1 4 42 43 44 32 
1 3 42 31 32 
1 3 42 44 32 
1 4 42 35 50 51 
1 3 42 31 51 
1 4 42 43 50 51 
1 4 42 7 8 16 
1 4 42 35 50 16 
1 5 42 43 44 15 16 
1 4 42 44 15 16 
1 4 42 43 50 16 
1 6 42 43 44 37 17 11 
1 5 42 35 37 17 18 
1 5 42 43 36 46 18 
1 5 42 44 45 17 18 
1 4 42 53 17 18 
1 4 42 53 46 18 
1 4 42 7 9 0 
1 4 42 7 15 0 
1 3 42 31 0 
1 5 42 43 36 9 0 
1 5 42 43 36 15 0 
1 4 42 44 45 0 
1 5 42 43 44 45 0 
1 4 42 44 9 0 
1 5 42 43 44 9 0 
1 4 42 44 15 0 
1 5 42 43 44 15 0 
1 5 42 43 45 46 0 
1 3 42 53 0 
1 4 42 53 46 0 
1 5 42 7 9 47 48 
1 4 42 7 15 48 
1 5 42 7 8 47 48 
1 4 42 43 26 48 
1 4 42 31 17 48 
1 4 42 31 46 48 
1 6 42 43 36 9 47 48 
1 5 42 43 36 15 48 
1 6 42 35 37 46 47 48 
1 6 42 43 44 37 47 48 
1 6 42 35 36 37 47 48 
1 5 42 43 36 46 48 
1 5 42 43 36 37 48 
1 6 42 35 50 46 47 48 
1 5 42 44 9 47 48 
1 6 42 43 44 9 47 48 
1 4 42 44 15 48 
1 5 42 43 45 17 48 
1 6 42 43 44 45 17 48 
1 6 42 43 37 46 47 48 
1 6 42 43 50 46 47 48 
1 4 42 53 17 48 
1 4 42 53 46 48 
1 5 42 53 46 47 48 
1 4 42 7 32 12 
1 5 42 43 8 47 12 
1 4 42 7 51 12 
1 4 42 31 10 12 
1 4 42 31 16 12 
1 4 42 31 27 12 
1 7 42 43 44 37 17 11 12 
1 4 42 35 32 12 
1 5 42 43 36 51 12 
1 7 42 43 44 9 10 11 12 
1 6 42 43 44 45 11 12 
1 6 42 43 44 45 16 12 
1 6 42 43 44 15 11 12 
1 4 42 44 32 12 
1 5 42 43 45 47 12 
1 4 42 44 51 12 
1 6 42 43 50 10 11 12 
1 5 42 43 50 16 12 
1 4 42 53 16 12 
1 4 42 53 27 12 
1 4 42 7 27 19 
1 4 42 7 32 19 
1 4 42 7 51 19 
1 4 42 31 16 19 
1 4 42 35 32 19 
1 5 42 43 36 51 19 
1 6 42 43 44 9 18 19 
1 6 42 43 44 15 18 19 
1 4 42 44 27 19 
1 4 42 44 32 19 
1 5 42 43 44 32 19 
1 4 42 44 51 19 
1 5 42 43 44 51 19 
1 4 42 53 10 19 
1 4 42 53 16 19 
1 4 42 53 27 19 
1 3 34 26 10 
1 4 34 7 8 47 
1 4 34 8 46 47 
1 3 34 26 47 
1 4 34 45 46 47 
1 4 34 44 45 47 
1 3 34 53 27 
1 3 34 35 32 
1 3 34 36 32 
1 4 34 35 50 51 
1 5 34 35 36 15 16 
1 4 34 36 37 16 
1 5 34 35 37 15 16 
1 5 34 36 37 15 16 
1 4 34 7 9 11 
1 4 34 36 9 11 
1 4 34 35 9 11 
1 4 34 44 9 11 
1 5 34 35 45 17 11 
1 4 34 7 15 18 
1 4 34 44 15 18 
1 5 34 44 45 17 18 
1 4 34 53 17 18 
1 4 34 7 9 0 
1 4 34 7 15 0 
1 4 34 7 46 0 
1 6 34 35 36 37 9 0 
1 4 34 35 26 0 
1 4 34 31 46 0 
1 4 34 36 9 0 
1 4 34 36 15 0 
1 5 34 35 36 15 0 
1 4 34 36 46 0 
1 4 34 35 50 0 
1 4 34 44 9 0 
1 4 34 44 15 0 
1 4 34 44 46 0 
1 3 34 53 0 
1 4 34 53 46 0 
1 5 34 7 9 47 48 
1 4 34 7 15 48 
1 5 34 7 8 47 48 
1 6 34 35 36 37 9 48 
1 4 34 35 26 48 
1 4 34 31 17 48 
1 4 34 31 46 48 
1 5 34 36 9 47 48 
1 6 34 35 36 9 47 48 
1 4 34 36 15 48 
1 6 34 35 37 46 47 48 
1 5 34 36 37 47 48 
1 6 34 35 36 37 47 48 
1 5 34 44 9 47 48 
1 4 34 44 15 48 
1 4 34 53 17 48 
1 4 34 53 46 48 
1 5 34 53 46 47 48 
1 5 34 35 8 10 12 
1 5 34 35 8 11 12 
1 4 34 7 32 12 
1 5 34 35 8 47 12 
1 4 34 7 51 12 
1 4 34 31 10 12 
1 4 34 31 16 12 
1 4 34 31 27 12 
1 6 34 36 37 10 11 12 
1 6 34 35 36 15 11 12 
1 6 34 35 37 17 11 12 
1 7 34 35 36 37 17 11 12 
1 4 34 35 32 12 
1 4 34 36 51 12 
1 4 34 44 32 12 
1 5 34 35 45 47 12 
1 4 34 44 51 12 
1 5 34 35 50 16 12 
1 4 34 53 16 12 
1 4 34 53 27 12 
1 5 34 35 8 10 19 
1 4 34 7 32 19 
1 4 34 7 51 19 
1 6 34 35 36 15 18 19 
1 5 34 35 37 16 19 
1 5 34 36 37 16 19 
1 4 34 35 32 19 
1 4 34 36 51 19 
1 5 34 35 36 51 19 
1 4 34 44 32 19 
1 4 34 44 51 19 
1 4 34 53 10 19 
1 4 34 53 16 19 
1 4 34 53 27 19 
1 3 6 26 10 
1 4 6 8 46 47 
1 3 6 26 47 
1 4 6 45 46 47 
1 4 6 7 8 47 
1 3 6 7 32 
1 4 6 7 8 16 
1 4 6 7 15 16 
1 4 6 36 9 16 
1 4 6 7 37 16 
1 4 6 44 9 11 
1 5 6 7 45 17 11 
1 4 6 8 17 18 
1 5 6 36 37 17 18 
1 5 6 7 45 46 18 
1 5 6 44 45 46 18 
1 4 6 7 9 0 
1 4 6 7 15 0 
1 4 6 45 46 0 
1 3 6 26 0 
1 4 6 36 9 0 
1 4 6 36 15 0 
1 4 6 44 45 0 
1 4 6 44 9 0 
1 4 6 44 15 0 
1 4 6 44 46 0 
1 5 6 7 9 47 48 
1 5 6 37 46 47 48 
1 5 6 7 8 47 48 
1 5 6 50 46 47 48 
1 5 6 7 8 15 48 
1 4 6 31 17 48 
1 4 6 31 46 48 
1 5 6 36 9 47 48 
1 4 6 36 15 48 
1 5 6 36 37 47 48 
1 4 6 7 37 48 
1 5 6 44 9 47 48 
1 4 6 44 15 48 
1 6 6 7 9 10 11 12 
1 4 6 8 16 12 
1 5 6 8 17 11 12 
1 6 6 7 8 15 11 12 
1 4 6 31 16 12 
1 4 6 31 27 12 
1 6 6 7 37 10 11 12 
1 6 6 7 37 17 11 12 
1 4 6 36 51 12 
1 6 6 7 45 46 11 12 
1 6 6 44 45 46 11 12 
1 4 6 44 32 12 
1 5 6 7 45 47 12 
1 4 6 44 51 12 
1 5 6 7 50 16 12 
1 4 6 8 16 19 
1 4 6 7 27 19 
1 4 6 7 32 19 
1 4 6 7 51 19 
1 4 6 31 16 19 
1 5 6 7 37 47 19 
1 4 6 36 51 19 
1 4 6 44 27 19 
1 4 6 44 32 19 
1 4 6 44 51 19 
1 3 25 45 47 
1 2 25 32 
1 2 25 51 
1 3 25 15 16 
1 4 25 45 17 11 
1 3 25 26 0 
1 3 25 9 0 
1 3 25 15 0 
1 4 25 9 47 48 
1 3 25 15 48 
1 3 25 17 48 
1 3 25 26 48 
1 4 25 50 17 48 
1 4 25 50 47 48 
1 4 25 37 27 12 
1 4 25 9 18 19 
1 4 25 15 18 19 
1 4 25 17 18 19 
1 3 25 32 19 
1 4 25 46 47 19 
1 3 25 51 19 
1 4 25 37 17 19 
1 4 25 37 47 19 
1 4 25 50 17 19 
1 4 25 50 47 19 
1 4 43 45 46 47 
1 3 43 44 32 
1 4 43 44 37 16 
1 4 43 44 15 16 
1 5 43 36 37 17 18 
1 4 43 45 46 18 
1 5 43 44 45 46 18 
1 5 43 44 45 17 18 
1 3 43 26 0 
1 4 43 36 9 0 
1 4 43 36 15 0 
1 4 43 44 45 0 
1 4 43 44 9 0 
1 4 43 44 15 0 
1 3 43 26 48 
1 5 43 36 9 47 48 
1 4 43 36 15 48 
1 5 43 36 37 47 48 
1 5 43 44 9 47 48 
1 4 43 44 15 48 
1 5 43 37 46 47 48 
1 5 43 50 46 47 48 
1 4 43 8 16 12 
1 5 43 8 17 11 12 
1 6 43 44 37 17 11 12 
1 4 43 36 51 12 
1 6 43 44 45 46 11 12 
1 6 43 44 9 10 11 12 
1 4 43 45 16 12 
1 5 43 44 15 11 12 
1 5 43 45 17 11 12 
1 4 43 8 16 19 
1 4 43 36 51 19 
1 4 43 45 16 19 
1 4 43 44 16 19 
1 4 43 44 32 19 
1 4 43 44 51 19 
1 4 35 36 37 27 
1 2 35 32 
1 4 35 36 15 16 
1 4 35 36 37 16 
1 5 35 36 37 9 0 
1 4 35 36 15 0 
1 5 35 36 37 15 48 
1 5 35 36 9 47 48 
1 5 35 37 46 47 48 
1 5 35 36 37 47 48 
1 5 35 50 46 47 48 
1 5 35 36 37 46 48 
1 4 35 8 16 12 
1 5 35 8 17 11 12 
1 6 35 36 37 9 11 12 
1 6 35 36 37 15 11 12 
1 6 35 36 9 10 11 12 
1 6 35 36 37 17 11 12 
1 3 35 32 12 
1 4 35 45 16 12 
1 5 35 45 17 11 12 
1 4 35 8 16 19 
1 4 35 37 16 19 
1 4 35 37 27 19 
1 3 35 32 19 
1 4 35 36 51 19 
1 4 35 45 16 19 
1 4 35 50 47 19 
1 3 53 46 47 
1 2 53 27 
1 2 53 16 
1 3 53 9 48 
1 3 53 15 48 
1 3 53 17 48 
1 3 53 27 12 
1 4 53 46 47 19 
1 2 7 32 
1 4 7 8 17 18 
1 4 7 8 46 18 
1 4 7 45 17 18 
1 4 7 9 47 48 
1 4 7 8 47 48 
1 5 7 8 10 11 12 
1 4 7 8 16 12 
1 5 7 8 17 11 12 
1 4 7 8 27 12 
1 4 7 45 16 12 
1 5 7 45 17 11 12 
1 4 7 50 51 12 
1 4 7 50 16 12 
1 5 7 8 17 18 19 
1 3 7 32 19 
1 4 7 8 27 19 
1 4 7 37 16 19 
1 4 7 37 27 19 
1 4 7 45 16 19 
1 4 7 50 51 19 
1 2 31 27 
1 2 31 16 
1 3 31 9 0 
1 4 31 9 10 12 
1 3 31 32 12 
1 3 31 51 12 
1 3 31 32 19 
1 4 31 17 18 19 
1 3 31 51 19 
1 2 44 32 
1 4 44 45 46 18 
1 4 44 45 17 18 
1 4 44 9 47 48 
1 3 44 32 12 
1 4 44 45 16 12 
1 5 44 45 17 11 12 
1 4 44 37 16 19 
1 3 44 32 19 
1 4 36 37 9 0 
1 4 36 37 9 48 
1 4 36 37 15 48 
1 4 36 9 47 48 
1 5 36 37 9 11 12 
1 5 36 37 15 11 12 
1 4 36 46 11 12 
1 4 36 37 27 19 
1 3 8 15 48 
1 3 8 27 12 
1 3 8 27 19 
1 2 26 48 
1 3 26 10 12 
1 3 26 17 12 
1 3 45 46 48 
